789.0,489.0,84,84
789.0,488.0,84,84
788.0,488.0,84,84
788.0,487.0,84,84
789.0,484.0,84,84
789.0,482.0,84,84
790.0,479.0,84,84
790.0,477.0,84,84
791.0,476.0,84,84
791.0,474.0,84,84
791.0,474.0,84,84
791.0,474.0,84,84
791.0,474.0,84,84
791.0,472.0,84,84
791.0,471.0,84,84
791.0,469.0,84,84
790.0,468.0,84,84
789.0,467.0,84,84
788.0,466.0,84,84
788.0,466.0,84,84
788.0,466.0,84,84
788.0,466.0,84,84
788.0,464.0,84,84
788.0,462.0,84,84
788.0,460.0,84,84
789.0,460.0,84,84
790.0,460.0,84,84
791.0,460.0,84,84
790.0,460.0,84,84
788.0,460.0,84,84
787.0,460.0,84,84
788.0,460.0,84,84
789.0,460.0,84,84
790.0,460.0,84,84
789.0,460.0,84,84
787.0,460.0,84,84
786.0,460.0,84,84
786.0,460.0,84,84
786.0,460.0,84,84
786.0,460.0,84,84
784.0,460.0,84,84
782.0,460.0,84,84
780.0,460.0,84,84
779.0,459.0,84,84
779.0,459.0,84,84
778.0,458.0,84,84
776.0,458.0,84,84
775.0,458.0,84,84
773.0,458.0,84,84
772.0,458.0,84,84
770.0,458.0,84,84
769.0,458.0,84,84
768.0,458.0,84,84
767.0,458.0,84,84
766.0,458.0,84,84
765.0,458.0,84,84
765.0,458.0,84,84
764.0,458.0,84,84
763.0,458.0,84,84
763.0,458.0,84,84
762.0,458.0,84,84
761.0,458.0,84,84
761.0,458.0,84,84
760.0,458.0,84,84
759.0,458.0,84,84
758.0,458.0,84,84
757.0,458.0,84,84
755.0,458.0,84,84
754.0,458.0,84,84
752.0,458.0,84,84
751.0,458.0,84,84
750.0,458.0,84,84
749.0,458.0,84,84
747.0,460.0,84,84
744.0,461.0,84,84
742.0,463.0,84,84
741.0,463.0,84,84
739.0,463.0,84,84
738.0,463.0,84,84
736.0,463.0,84,84
734.0,463.0,84,84
732.0,463.0,84,84
730.0,463.0,84,84
728.0,463.0,84,84
726.0,463.0,84,84
724.0,462.0,84,84
721.0,460.0,84,84
719.0,459.0,84,84
718.0,459.0,84,84
717.0,459.0,84,84
716.0,459.0,84,84
714.0,459.0,84,84
713.0,459.0,84,84
711.0,459.0,84,84
710.0,459.0,84,84
709.0,459.0,84,84
708.0,459.0,84,84
707.0,458.0,84,84
705.0,456.0,84,84
704.0,455.0,84,84
703.0,455.0,84,84
703.0,455.0,84,84
702.0,455.0,84,84
701.0,454.0,84,84
699.0,453.0,84,84
698.0,452.0,84,84
699.0,450.0,84,84
700.0,449.0,84,84
701.0,447.0,84,84
700.0,447.0,84,84
700.0,447.0,84,84
699.0,447.0,84,84
700.0,446.0,84,84
700.0,446.0,84,84
701.0,445.0,84,84
700.0,444.0,84,84
700.0,443.0,84,84
699.0,442.0,84,84
699.0,441.0,84,84
699.0,441.0,84,84
699.0,440.0,84,84
699.0,439.0,84,84
699.0,439.0,84,84
699.0,438.0,84,84
698.0,437.0,84,84
696.0,435.0,84,84
695.0,434.0,84,84
695.0,433.0,84,84
694.0,431.0,84,84
694.0,430.0,84,84
694.0,429.0,84,84
694.0,428.0,84,84
694.0,427.0,84,84
693.0,427.0,84,84
692.0,427.0,84,84
691.0,427.0,84,84
690.0,426.0,84,84
690.0,425.0,84,84
689.0,424.0,84,84
689.0,424.0,84,84
689.0,424.0,84,84
689.0,424.0,84,84
688.0,424.0,84,84
688.0,423.0,84,84
687.0,423.0,84,84
687.0,423.0,84,84
687.0,422.0,84,84
687.0,422.0,84,84
687.0,421.0,84,84
687.0,420.0,84,84
687.0,419.0,84,84
687.0,418.0,84,84
687.0,417.0,84,84
687.0,416.0,84,84
687.0,415.0,84,84
687.0,413.0,84,84
687.0,412.0,84,84
687.0,412.0,84,84
687.0,412.0,84,84
687.0,412.0,84,84
687.0,412.0,84,84
687.0,412.0,84,84
687.0,412.0,84,84
687.0,411.0,84,84
687.0,411.0,84,84
687.0,410.0,84,84
687.0,410.0,84,84
687.0,410.0,84,84
687.0,410.0,84,84
687.0,410.0,84,84
687.0,410.0,84,84
687.0,410.0,84,84
686.0,410.0,84,84
686.0,410.0,84,84
685.0,410.0,84,84
684.0,410.0,84,84
683.0,409.0,84,84
682.0,409.0,84,84
682.0,408.0,84,84
681.0,408.0,84,84
681.0,407.0,84,84
681.0,407.0,84,84
681.0,407.0,84,84
681.0,407.0,84,84
681.0,406.0,84,84
681.0,406.0,84,84
681.0,405.0,84,84
681.0,405.0,84,84
680.0,404.0,84,84
680.0,404.0,84,84
680.0,403.0,84,84
679.0,403.0,84,84
679.0,402.0,84,84
679.0,401.0,84,84
680.0,399.0,84,84
680.0,398.0,84,84
680.0,398.0,84,84
680.0,398.0,84,84
680.0,398.0,84,84
680.0,396.0,84,84
680.0,395.0,84,84
680.0,393.0,84,84
680.0,392.0,84,84
679.0,390.0,84,84
679.0,389.0,84,84
679.0,389.0,84,84
679.0,389.0,84,84
679.0,389.0,84,84
677.0,388.0,84,84
675.0,387.0,84,84
673.0,386.0,84,84
673.0,386.0,84,84
672.0,386.0,84,84
672.0,386.0,84,84
670.0,385.0,84,84
669.0,383.0,84,84
667.0,382.0,84,84
665.0,382.0,84,84
664.0,382.0,84,84
662.0,382.0,84,84
659.0,380.0,84,84
657.0,379.0,84,84
654.0,377.0,84,84
653.0,376.0,84,84
651.0,374.0,84,84
650.0,373.0,84,84
648.0,373.0,84,84
646.0,372.0,84,84
644.0,372.0,84,84
642.0,370.0,84,84
640.0,368.0,84,84
638.0,366.0,84,84
636.0,365.0,84,84
635.0,364.0,84,84
633.0,363.0,84,84
631.0,361.0,84,84
630.0,360.0,84,84
628.0,358.0,84,84
627.0,357.0,84,84
625.0,356.0,84,84
624.0,355.0,84,84
623.0,353.0,84,84
621.0,351.0,84,84
620.0,349.0,84,84
619.0,348.0,84,84
618.0,346.0,84,84
617.0,345.0,84,84
616.0,343.0,84,84
615.0,341.0,84,84
614.0,339.0,84,84
614.0,338.0,84,84
614.0,337.0,84,84
614.0,336.0,84,84
614.0,335.0,84,84
614.0,333.0,84,84
614.0,332.0,84,84
613.0,330.0,84,84
613.0,328.0,84,84
612.0,326.0,84,84
613.0,325.0,84,84
613.0,324.0,84,84
614.0,323.0,84,84
615.0,320.0,84,84
616.0,318.0,84,84
617.0,315.0,84,84
619.0,313.0,84,84
621.0,311.0,84,84
623.0,309.0,84,84
625.0,307.0,84,84
627.0,306.0,84,84
629.0,304.0,84,84
632.0,303.0,84,84
634.0,301.0,84,84
637.0,300.0,84,84
639.0,298.0,84,84
641.0,297.0,84,84
643.0,295.0,84,84
646.0,293.0,84,84
648.0,290.0,84,84
651.0,288.0,84,84
654.0,286.0,84,84
656.0,285.0,84,84
659.0,283.0,84,84
662.0,281.0,84,84
664.0,280.0,84,84
667.0,278.0,84,84
668.0,277.0,84,84
670.0,275.0,84,84
671.0,274.0,84,84
671.0,272.0,84,84
672.0,271.0,84,84
672.0,269.0,84,84
672.0,268.0,84,84
672.0,268.0,84,84
672.0,267.0,84,84
672.0,267.0,84,84
672.0,267.0,84,84
672.0,267.0,84,84
670.0,264.0,84,84
669.0,262.0,84,84
667.0,259.0,84,84
665.0,259.0,84,84
664.0,258.0,84,84
662.0,258.0,84,84
661.0,258.0,84,84
661.0,257.0,84,84
660.0,257.0,84,84
658.0,255.0,84,84
656.0,254.0,84,84
654.0,252.0,84,84
653.0,251.0,84,84
651.0,251.0,84,84
650.0,250.0,84,84
649.0,249.0,84,84
649.0,248.0,84,84
648.0,247.0,84,84
646.0,247.0,84,84
643.0,246.0,84,84
641.0,246.0,84,84
640.0,245.0,84,84
639.0,245.0,84,84
638.0,244.0,84,84
636.0,244.0,84,84
635.0,243.0,84,84
633.0,243.0,84,84
632.0,243.0,84,84
630.0,243.0,84,84
629.0,243.0,84,84
629.0,243.0,84,84
629.0,243.0,84,84
629.0,243.0,84,84
630.0,243.0,84,84
631.0,244.0,84,84
632.0,244.0,84,84
634.0,244.0,84,84
635.0,244.0,84,84
637.0,244.0,84,84
639.0,244.0,84,84
640.0,243.0,84,84
642.0,243.0,84,84
645.0,243.0,84,84
647.0,242.0,84,84
650.0,242.0,84,84
652.0,242.0,84,84
654.0,243.0,84,84
656.0,243.0,84,84
657.0,244.0,84,84
658.0,245.0,84,84
659.0,246.0,84,84
659.0,246.0,84,84
659.0,246.0,84,84
659.0,246.0,84,84
657.0,247.0,84,84
655.0,248.0,84,84
653.0,249.0,84,84
652.0,249.0,84,84
650.0,249.0,84,84
649.0,249.0,84,84
647.0,250.0,84,84
645.0,252.0,84,84
643.0,253.0,84,84
641.0,254.0,84,84
639.0,254.0,84,84
637.0,255.0,84,84
634.0,256.0,84,84
632.0,257.0,84,84
629.0,258.0,84,84
627.0,260.0,84,84
624.0,261.0,84,84
622.0,263.0,84,84
622.0,264.0,84,84
621.0,265.0,84,84
621.0,266.0,84,84
622.0,267.0,84,84
622.0,268.0,84,84
623.0,269.0,84,84
624.0,271.0,84,84
624.0,272.0,84,84
625.0,274.0,84,84
627.0,275.0,84,84
629.0,275.0,84,84
631.0,276.0,84,84
634.0,278.0,84,84
636.0,281.0,84,84
639.0,283.0,84,84
639.0,284.0,84,84
639.0,286.0,84,84
639.0,287.0,84,84
640.0,288.0,84,84
641.0,288.0,84,84
642.0,289.0,84,84
642.0,291.0,84,84
641.0,294.0,84,84
641.0,296.0,84,84
641.0,297.0,84,84
641.0,298.0,84,84
641.0,299.0,84,84
640.0,301.0,84,84
638.0,304.0,84,84
637.0,306.0,84,84
635.0,308.0,84,84
633.0,311.0,84,84
631.0,313.0,84,84
629.0,315.0,84,84
628.0,316.0,84,84
626.0,318.0,84,84
623.0,320.0,84,84
621.0,322.0,84,84
618.0,324.0,84,84
615.0,325.0,84,84
612.0,325.0,84,84
609.0,326.0,84,84
607.0,327.0,84,84
606.0,327.0,84,84
604.0,328.0,84,84
602.0,330.0,84,84
600.0,333.0,84,84
598.0,335.0,84,84
598.0,336.0,84,84
597.0,338.0,84,84
597.0,339.0,84,84
597.0,341.0,84,84
596.0,342.0,84,84
596.0,344.0,84,84
596.0,344.0,84,84
596.0,345.0,84,84
596.0,345.0,84,84
596.0,346.0,84,84
597.0,346.0,84,84
597.0,347.0,84,84
599.0,347.0,84,84
602.0,348.0,84,84
604.0,348.0,84,84
606.0,349.0,84,84
607.0,351.0,84,84
609.0,352.0,84,84
611.0,353.0,84,84
614.0,355.0,84,84
616.0,356.0,84,84
618.0,357.0,84,84
619.0,358.0,84,84
621.0,359.0,84,84
623.0,360.0,84,84
624.0,362.0,84,84
626.0,363.0,84,84
627.0,363.0,84,84
627.0,363.0,84,84
628.0,363.0,84,84
629.0,363.0,84,84
631.0,362.0,84,84
632.0,362.0,84,84
633.0,362.0,84,84
635.0,363.0,84,84
636.0,363.0,84,84
636.0,363.0,84,84
636.0,363.0,84,84
636.0,363.0,84,84
636.0,363.0,84,84
636.0,363.0,84,84
636.0,363.0,84,84
636.0,363.0,84,84
636.0,363.0,84,84
636.0,363.0,84,84
636.0,363.0,84,84
636.0,363.0,84,84
636.0,363.0,84,84
636.0,363.0,84,84
636.0,363.0,84,84
636.0,363.0,84,84
635.0,362.0,84,84
635.0,362.0,84,84
634.0,361.0,84,84
634.0,360.0,84,84
634.0,360.0,84,84
634.0,359.0,84,84
634.0,359.0,84,84
634.0,359.0,84,84
634.0,359.0,84,84
636.0,359.0,84,84
638.0,358.0,84,84
640.0,358.0,84,84
643.0,358.0,84,84
645.0,357.0,84,84
648.0,357.0,84,84
650.0,356.0,84,84
652.0,355.0,84,84
654.0,354.0,84,84
656.0,354.0,84,84
658.0,355.0,84,84
660.0,355.0,84,84
662.0,355.0,84,84
665.0,355.0,84,84
667.0,355.0,84,84
668.0,355.0,84,84
669.0,356.0,84,84
670.0,356.0,84,84
671.0,356.0,84,84
671.0,356.0,84,84
672.0,356.0,84,84
672.0,356.0,84,84
672.0,356.0,84,84
672.0,356.0,84,84
672.0,356.0,84,84
672.0,355.0,84,84
672.0,355.0,84,84
672.0,355.0,84,84
672.0,356.0,84,84
672.0,356.0,84,84
672.0,356.0,84,84
672.0,356.0,84,84
672.0,356.0,84,84
672.0,357.0,84,84
673.0,357.0,84,84
673.0,358.0,84,84
673.0,358.0,84,84
673.0,358.0,84,84
673.0,358.0,84,84
673.0,358.0,84,84
673.0,358.0,84,84
673.0,358.0,84,84
674.0,358.0,84,84
676.0,358.0,84,84
677.0,358.0,84,84
678.0,358.0,84,84
680.0,357.0,84,84
681.0,357.0,84,84
682.0,357.0,84,84
683.0,357.0,84,84
684.0,357.0,84,84
686.0,357.0,84,84
688.0,357.0,84,84
690.0,357.0,84,84
693.0,357.0,84,84
695.0,357.0,84,84
698.0,357.0,84,84
700.0,357.0,84,84
702.0,357.0,84,84
704.0,357.0,84,84
706.0,357.0,84,84
708.0,357.0,84,84
710.0,357.0,84,84
712.0,357.0,84,84
715.0,357.0,84,84
717.0,357.0,84,84
718.0,358.0,84,84
719.0,360.0,84,84
720.0,361.0,84,84
720.0,361.0,84,84
720.0,361.0,84,84
720.0,361.0,84,84
720.0,360.0,84,84
720.0,360.0,84,84
720.0,359.0,84,84
719.0,357.0,84,84
718.0,356.0,84,84
717.0,354.0,84,84
716.0,353.0,84,84
715.0,353.0,84,84
714.0,352.0,84,84
712.0,350.0,84,84
709.0,349.0,84,84
707.0,347.0,84,84
705.0,347.0,84,84
702.0,346.0,84,84
700.0,346.0,84,84
697.0,345.0,84,84
695.0,343.0,84,84
692.0,342.0,84,84
691.0,339.0,84,84
689.0,337.0,84,84
688.0,334.0,84,84
686.0,333.0,84,84
684.0,333.0,84,84
682.0,332.0,84,84
679.0,330.0,84,84
677.0,327.0,84,84
674.0,325.0,84,84
672.0,324.0,84,84
670.0,324.0,84,84
668.0,323.0,84,84
666.0,321.0,84,84
664.0,320.0,84,84
662.0,318.0,84,84
660.0,316.0,84,84
659.0,313.0,84,84
657.0,311.0,84,84
656.0,309.0,84,84
654.0,308.0,84,84
653.0,306.0,84,84
654.0,306.0,84,84
656.0,305.0,84,84
657.0,305.0,84,84
657.0,304.0,84,84
657.0,303.0,84,84
657.0,302.0,84,84
658.0,301.0,84,84
658.0,299.0,84,84
659.0,298.0,84,84
660.0,296.0,84,84
662.0,295.0,84,84
663.0,293.0,84,84
665.0,291.0,84,84
666.0,289.0,84,84
668.0,287.0,84,84
669.0,286.0,84,84
671.0,284.0,84,84
672.0,283.0,84,84
672.0,282.0,84,84
672.0,281.0,84,84
672.0,280.0,84,84
672.0,279.0,84,84
672.0,279.0,84,84
672.0,278.0,84,84
671.0,276.0,84,84
671.0,275.0,84,84
670.0,273.0,84,84
670.0,273.0,84,84
670.0,273.0,84,84
670.0,273.0,84,84
669.0,271.0,84,84
669.0,270.0,84,84
668.0,268.0,84,84
668.0,267.0,84,84
668.0,266.0,84,84
668.0,265.0,84,84
668.0,263.0,84,84
668.0,261.0,84,84
668.0,259.0,84,84
668.0,259.0,84,84
668.0,259.0,84,84
668.0,259.0,84,84
669.0,259.0,84,84
670.0,259.0,84,84
671.0,259.0,84,84
672.0,258.0,84,84
672.0,257.0,84,84
673.0,256.0,84,84
673.0,255.0,84,84
673.0,255.0,84,84
673.0,254.0,84,84
675.0,254.0,84,84
676.0,254.0,84,84
678.0,254.0,84,84
679.0,254.0,84,84
680.0,254.0,84,84
681.0,254.0,84,84
683.0,254.0,84,84
684.0,254.0,84,84
686.0,254.0,84,84
687.0,254.0,84,84
688.0,253.0,84,84
689.0,253.0,84,84
690.0,253.0,84,84
691.0,253.0,84,84
692.0,253.0,84,84
694.0,251.0,84,84
696.0,250.0,84,84
698.0,248.0,84,84
699.0,248.0,84,84
700.0,248.0,84,84
701.0,248.0,84,84
703.0,248.0,84,84
704.0,247.0,84,84
706.0,247.0,84,84
707.0,247.0,84,84
707.0,247.0,84,84
708.0,247.0,84,84
709.0,246.0,84,84
711.0,244.0,84,84
712.0,243.0,84,84
712.0,243.0,84,84
712.0,243.0,84,84
712.0,243.0,84,84
712.0,241.0,84,84
712.0,239.0,84,84
712.0,237.0,84,84
712.0,237.0,84,84
712.0,237.0,84,84
712.0,237.0,84,84
712.0,237.0,84,84
712.0,237.0,84,84
712.0,237.0,84,84
712.0,236.0,84,84
712.0,235.0,84,84
712.0,234.0,84,84
712.0,234.0,84,84
712.0,234.0,84,84
712.0,234.0,84,84
712.0,233.0,84,84
712.0,232.0,84,84
712.0,231.0,84,84
712.0,230.0,84,84
712.0,228.0,84,84
712.0,227.0,84,84
713.0,226.0,84,84
713.0,226.0,84,84
714.0,225.0,84,84
714.0,225.0,84,84
714.0,225.0,84,84
714.0,225.0,84,84
715.0,223.0,84,84
716.0,220.0,84,84
717.0,218.0,84,84
717.0,218.0,84,84
717.0,218.0,84,84
717.0,218.0,84,84
717.0,217.0,84,84
717.0,217.0,84,84
717.0,216.0,84,84
717.0,216.0,84,84
717.0,215.0,84,84
717.0,215.0,84,84
716.0,215.0,84,84
714.0,214.0,84,84
713.0,214.0,84,84
712.0,213.0,84,84
710.0,212.0,84,84
709.0,211.0,84,84
708.0,211.0,84,84
708.0,211.0,84,84
707.0,211.0,84,84
705.0,209.0,84,84
704.0,208.0,84,84
702.0,206.0,84,84
701.0,205.0,84,84
701.0,204.0,84,84
700.0,203.0,84,84
700.0,203.0,84,84
700.0,203.0,84,84
700.0,203.0,84,84
700.0,202.0,84,84
701.0,200.0,84,84
701.0,199.0,84,84
702.0,199.0,84,84
703.0,199.0,84,84
704.0,199.0,84,84
706.0,201.0,84,84
708.0,202.0,84,84
710.0,204.0,84,84
713.0,205.0,84,84
715.0,205.0,84,84
718.0,206.0,84,84
720.0,206.0,84,84
722.0,206.0,84,84
724.0,206.0,84,84
726.0,206.0,84,84
727.0,206.0,84,84
729.0,206.0,84,84
729.0,206.0,84,84
729.0,206.0,84,84
729.0,206.0,84,84
729.0,205.0,84,84
729.0,205.0,84,84
729.0,204.0,84,84
730.0,204.0,84,84
730.0,204.0,84,84
731.0,204.0,84,84
731.0,204.0,84,84
731.0,204.0,84,84
731.0,204.0,84,84
731.0,204.0,84,84
731.0,204.0,84,84
731.0,204.0,84,84
732.0,204.0,84,84
732.0,204.0,84,84
733.0,204.0,84,84
733.0,204.0,84,84
734.0,204.0,84,84
734.0,204.0,84,84
734.0,204.0,84,84
734.0,204.0,84,84
734.0,204.0,84,84
736.0,204.0,84,84
737.0,204.0,84,84
739.0,204.0,84,84
739.0,204.0,84,84
739.0,204.0,84,84
739.0,204.0,84,84
740.0,204.0,84,84
741.0,204.0,84,84
742.0,204.0,84,84
742.0,204.0,84,84
742.0,204.0,84,84
742.0,204.0,84,84
742.0,204.0,84,84
742.0,204.0,84,84
742.0,204.0,84,84
742.0,205.0,84,84
743.0,206.0,84,84
743.0,207.0,84,84
743.0,209.0,84,84
742.0,210.0,84,84
742.0,212.0,84,84
743.0,212.0,84,84
743.0,211.0,84,84
744.0,211.0,84,84
743.0,211.0,84,84
743.0,211.0,84,84
742.0,211.0,84,84
742.0,211.0,84,84
741.0,211.0,84,84
741.0,211.0,84,84
740.0,212.0,84,84
738.0,213.0,84,84
737.0,214.0,84,84
737.0,214.0,84,84
736.0,214.0,84,84
736.0,214.0,84,84
734.0,214.0,84,84
733.0,215.0,84,84
731.0,215.0,84,84
729.0,216.0,84,84
726.0,218.0,84,84
724.0,219.0,84,84
723.0,219.0,84,84
721.0,219.0,84,84
720.0,219.0,84,84
717.0,219.0,84,84
715.0,219.0,84,84
712.0,219.0,84,84
710.0,219.0,84,84
709.0,219.0,84,84
707.0,219.0,84,84
703.0,220.0,84,84
700.0,221.0,84,84
696.0,222.0,84,84
693.0,222.0,84,84
690.0,223.0,84,84
687.0,223.0,84,84
684.0,223.0,84,84
680.0,224.0,84,84
677.0,224.0,84,84
676.0,224.0,84,84
674.0,224.0,84,84
673.0,224.0,84,84
671.0,224.0,84,84
669.0,224.0,84,84
667.0,224.0,84,84
666.0,224.0,84,84
664.0,225.0,84,84
663.0,225.0,84,84
662.0,225.0,84,84
662.0,225.0,84,84
661.0,225.0,84,84
661.0,225.0,84,84
661.0,225.0,84,84
661.0,225.0,84,84
661.0,225.0,84,84
660.0,225.0,84,84
660.0,225.0,84,84
660.0,225.0,84,84
660.0,225.0,84,84
660.0,225.0,84,84
660.0,225.0,84,84
660.0,225.0,84,84
660.0,225.0,84,84
659.0,225.0,84,84
659.0,225.0,84,84
658.0,225.0,84,84
658.0,225.0,84,84
659.0,226.0,84,84
659.0,226.0,84,84
659.0,226.0,84,84
659.0,226.0,84,84
659.0,226.0,84,84
659.0,226.0,84,84
659.0,226.0,84,84
659.0,226.0,84,84
659.0,226.0,84,84
659.0,226.0,84,84
659.0,226.0,84,84
659.0,226.0,84,84
660.0,226.0,84,84
660.0,226.0,84,84
660.0,226.0,84,84
661.0,226.0,84,84
661.0,226.0,84,84
661.0,226.0,84,84
662.0,226.0,84,84
662.0,226.0,84,84
663.0,226.0,84,84
663.0,226.0,84,84
664.0,226.0,84,84
665.0,226.0,84,84
666.0,226.0,84,84
667.0,226.0,84,84
667.0,226.0,84,84
667.0,226.0,84,84
667.0,226.0,84,84
668.0,226.0,84,84
670.0,226.0,84,84
671.0,226.0,84,84
672.0,226.0,84,84
672.0,226.0,84,84
673.0,226.0,84,84
674.0,227.0,84,84
676.0,228.0,84,84
677.0,229.0,84,84
678.0,229.0,84,84
678.0,229.0,84,84
679.0,229.0,84,84
680.0,229.0,84,84
681.0,229.0,84,84
682.0,229.0,84,84
683.0,230.0,84,84
683.0,232.0,84,84
684.0,233.0,84,84
686.0,233.0,84,84
687.0,233.0,84,84
689.0,233.0,84,84
690.0,233.0,84,84
691.0,233.0,84,84
692.0,233.0,84,84
694.0,233.0,84,84
696.0,233.0,84,84
698.0,233.0,84,84
699.0,234.0,84,84
700.0,234.0,84,84
701.0,235.0,84,84
703.0,237.0,84,84
706.0,239.0,84,84
708.0,241.0,84,84
708.0,241.0,84,84
708.0,241.0,84,84
708.0,241.0,84,84
709.0,241.0,84,84
710.0,241.0,84,84
711.0,241.0,84,84
712.0,241.0,84,84
713.0,241.0,84,84
714.0,241.0,84,84
713.0,241.0,84,84
712.0,241.0,84,84
711.0,241.0,84,84
711.0,241.0,84,84
711.0,241.0,84,84
711.0,241.0,84,84
711.0,241.0,84,84
711.0,241.0,84,84
711.0,241.0,84,84
711.0,241.0,84,84
711.0,241.0,84,84
711.0,241.0,84,84
711.0,241.0,84,84
711.0,241.0,84,84
711.0,241.0,84,84
711.0,241.0,84,84
711.0,241.0,84,84
711.0,241.0,84,84
711.0,242.0,84,84
711.0,242.0,84,84
711.0,243.0,84,84
712.0,243.0,84,84
712.0,243.0,84,84
713.0,243.0,84,84
713.0,245.0,84,84
714.0,246.0,84,84
714.0,248.0,84,84
714.0,248.0,84,84
714.0,248.0,84,84
714.0,248.0,84,84
715.0,248.0,84,84
717.0,248.0,84,84
718.0,248.0,84,84
719.0,248.0,84,84
719.0,248.0,84,84
720.0,248.0,84,84
720.0,248.0,84,84
720.0,248.0,84,84
720.0,248.0,84,84
719.0,248.0,84,84
719.0,248.0,84,84
718.0,248.0,84,84
718.0,249.0,84,84
717.0,251.0,84,84
717.0,252.0,84,84
716.0,252.0,84,84
714.0,252.0,84,84
713.0,252.0,84,84
712.0,252.0,84,84
712.0,252.0,84,84
711.0,252.0,84,84
711.0,252.0,84,84
711.0,252.0,84,84
711.0,252.0,84,84
710.0,252.0,84,84
709.0,252.0,84,84
708.0,252.0,84,84
708.0,252.0,84,84
708.0,252.0,84,84
708.0,252.0,84,84
708.0,252.0,84,84
708.0,252.0,84,84
708.0,252.0,84,84
708.0,253.0,84,84
708.0,255.0,84,84
708.0,256.0,84,84
709.0,256.0,84,84
709.0,256.0,84,84
710.0,256.0,84,84
711.0,256.0,84,84
712.0,256.0,84,84
713.0,256.0,84,84
715.0,256.0,84,84
718.0,256.0,84,84
720.0,256.0,84,84
722.0,256.0,84,84
724.0,256.0,84,84
726.0,256.0,84,84
727.0,256.0,84,84
729.0,256.0,84,84
730.0,256.0,84,84
732.0,258.0,84,84
734.0,259.0,84,84
736.0,261.0,84,84
738.0,261.0,84,84
740.0,261.0,84,84
742.0,261.0,84,84
744.0,261.0,84,84
745.0,261.0,84,84
747.0,261.0,84,84
748.0,260.0,84,84
748.0,259.0,84,84
749.0,258.0,84,84
750.0,258.0,84,84
752.0,258.0,84,84
753.0,258.0,84,84
754.0,258.0,84,84
755.0,258.0,84,84
756.0,258.0,84,84
755.0,258.0,84,84
755.0,258.0,84,84
754.0,258.0,84,84
755.0,258.0,84,84
756.0,258.0,84,84
757.0,258.0,84,84
757.0,258.0,84,84
757.0,258.0,84,84
757.0,258.0,84,84
757.0,258.0,84,84
757.0,258.0,84,84
757.0,258.0,84,84
758.0,257.0,84,84
760.0,255.0,84,84
761.0,254.0,84,84
760.0,254.0,84,84
759.0,254.0,84,84
758.0,254.0,84,84
758.0,254.0,84,84
758.0,255.0,84,84
758.0,255.0,84,84
758.0,255.0,84,84
757.0,254.0,84,84
757.0,254.0,84,84
757.0,254.0,84,84
757.0,254.0,84,84
757.0,254.0,84,84
757.0,254.0,84,84
757.0,254.0,84,84
757.0,254.0,84,84
757.0,254.0,84,84
757.0,254.0,84,84
757.0,254.0,84,84
757.0,254.0,84,84
757.0,254.0,84,84
757.0,254.0,84,84
757.0,254.0,84,84
757.0,254.0,84,84
757.0,254.0,84,84
757.0,254.0,84,84
757.0,254.0,84,84
757.0,254.0,84,84
758.0,254.0,84,84
758.0,254.0,84,84
759.0,254.0,84,84
760.0,254.0,84,84
762.0,254.0,84,84
763.0,254.0,84,84
763.0,254.0,84,84
763.0,254.0,84,84
763.0,254.0,84,84
763.0,254.0,84,84
763.0,254.0,84,84
763.0,254.0,84,84
764.0,254.0,84,84
766.0,254.0,84,84
767.0,254.0,84,84
768.0,254.0,84,84
768.0,254.0,84,84
769.0,254.0,84,84
769.0,254.0,84,84
769.0,254.0,84,84
769.0,254.0,84,84
770.0,254.0,84,84
770.0,253.0,84,84
771.0,253.0,84,84
772.0,254.0,84,84
772.0,255.0,84,84
773.0,256.0,84,84
773.0,256.0,84,84
773.0,256.0,84,84
773.0,256.0,84,84
774.0,256.0,84,84
776.0,256.0,84,84
777.0,256.0,84,84
777.0,256.0,84,84
777.0,256.0,84,84
777.0,256.0,84,84
778.0,256.0,84,84
779.0,256.0,84,84
780.0,256.0,84,84
780.0,257.0,84,84
780.0,257.0,84,84
780.0,258.0,84,84
782.0,258.0,84,84
785.0,258.0,84,84
787.0,258.0,84,84
788.0,259.0,84,84
789.0,259.0,84,84
790.0,260.0,84,84
791.0,260.0,84,84
791.0,260.0,84,84
792.0,260.0,84,84
792.0,260.0,84,84
792.0,260.0,84,84
792.0,260.0,84,84
793.0,261.0,84,84
795.0,263.0,84,84
796.0,264.0,84,84
797.0,264.0,84,84
797.0,264.0,84,84
798.0,264.0,84,84
799.0,264.0,84,84
799.0,264.0,84,84
800.0,264.0,84,84
800.0,265.0,84,84
801.0,265.0,84,84
801.0,266.0,84,84
802.0,266.0,84,84
802.0,266.0,84,84
803.0,266.0,84,84
805.0,266.0,84,84
807.0,266.0,84,84
809.0,266.0,84,84
812.0,266.0,84,84
814.0,266.0,84,84
817.0,266.0,84,84
818.0,267.0,84,84
819.0,267.0,84,84
820.0,268.0,84,84
821.0,268.0,84,84
822.0,267.0,84,84
823.0,267.0,84,84
824.0,267.0,84,84
825.0,268.0,84,84
826.0,268.0,84,84
827.0,268.0,84,84
828.0,268.0,84,84
829.0,268.0,84,84
830.0,268.0,84,84
831.0,268.0,84,84
832.0,268.0,84,84
832.0,268.0,84,84
831.0,269.0,84,84
831.0,269.0,84,84
832.0,269.0,84,84
832.0,270.0,84,84
833.0,270.0,84,84
835.0,270.0,84,84
836.0,270.0,84,84
838.0,270.0,84,84
837.0,269.0,84,84
837.0,268.0,84,84
836.0,267.0,84,84
834.0,266.0,84,84
831.0,265.0,84,84
829.0,264.0,84,84
826.0,264.0,84,84
823.0,264.0,84,84
820.0,264.0,84,84
817.0,262.0,84,84
813.0,260.0,84,84
810.0,258.0,84,84
807.0,258.0,84,84
804.0,258.0,84,84
801.0,258.0,84,84
798.0,255.0,84,84
794.0,253.0,84,84
791.0,250.0,84,84
789.0,251.0,84,84
786.0,251.0,84,84
784.0,252.0,84,84
780.0,250.0,84,84
777.0,247.0,84,84
773.0,245.0,84,84
770.0,245.0,84,84
767.0,245.0,84,84
764.0,245.0,84,84
762.0,244.0,84,84
759.0,243.0,84,84
757.0,242.0,84,84
755.0,241.0,84,84
752.0,241.0,84,84
750.0,240.0,84,84
749.0,238.0,84,84
748.0,237.0,84,84
747.0,235.0,84,84
746.0,235.0,84,84
744.0,235.0,84,84
743.0,235.0,84,84
743.0,235.0,84,84
742.0,234.0,84,84
742.0,234.0,84,84
741.0,234.0,84,84
741.0,234.0,84,84
740.0,234.0,84,84
740.0,234.0,84,84
740.0,234.0,84,84
740.0,234.0,84,84
740.0,234.0,84,84
739.0,234.0,84,84
739.0,234.0,84,84
740.0,234.0,84,84
742.0,234.0,84,84
743.0,234.0,84,84
743.0,234.0,84,84
743.0,234.0,84,84
743.0,234.0,84,84
744.0,234.0,84,84
746.0,234.0,84,84
747.0,234.0,84,84
747.0,232.0,84,84
747.0,231.0,84,84
747.0,229.0,84,84
747.0,229.0,84,84
747.0,229.0,84,84
747.0,229.0,84,84
748.0,228.0,84,84
749.0,228.0,84,84
750.0,227.0,84,84
750.0,227.0,84,84
750.0,227.0,84,84
750.0,227.0,84,84
750.0,227.0,84,84
750.0,227.0,84,84
750.0,227.0,84,84
750.0,227.0,84,84
750.0,227.0,84,84
750.0,227.0,84,84
750.0,227.0,84,84
750.0,227.0,84,84
750.0,227.0,84,84
751.0,227.0,84,84
753.0,227.0,84,84
754.0,227.0,84,84
756.0,227.0,84,84
758.0,228.0,84,84
760.0,228.0,84,84
761.0,228.0,84,84
763.0,227.0,84,84
764.0,227.0,84,84
765.0,227.0,84,84
767.0,227.0,84,84
768.0,227.0,84,84
769.0,227.0,84,84
769.0,227.0,84,84
770.0,227.0,84,84
772.0,227.0,84,84
774.0,227.0,84,84
776.0,227.0,84,84
776.0,227.0,84,84
776.0,227.0,84,84
776.0,227.0,84,84
776.0,227.0,84,84
776.0,227.0,84,84
776.0,227.0,84,84
777.0,227.0,84,84
779.0,226.0,84,84
780.0,226.0,84,84
780.0,226.0,84,84
780.0,226.0,84,84
780.0,226.0,84,84
780.0,226.0,84,84
780.0,226.0,84,84
780.0,226.0,84,84
779.0,226.0,84,84
778.0,226.0,84,84
777.0,226.0,84,84
778.0,226.0,84,84
778.0,226.0,84,84
779.0,226.0,84,84
779.0,226.0,84,84
779.0,226.0,84,84
779.0,226.0,84,84
779.0,226.0,84,84
779.0,226.0,84,84
779.0,226.0,84,84
780.0,224.0,84,84
781.0,222.0,84,84
782.0,220.0,84,84
782.0,220.0,84,84
782.0,220.0,84,84
782.0,220.0,84,84
782.0,219.0,84,84
782.0,217.0,84,84
782.0,216.0,84,84
783.0,216.0,84,84
783.0,216.0,84,84
784.0,216.0,84,84
785.0,216.0,84,84
787.0,216.0,84,84
788.0,216.0,84,84
788.0,215.0,84,84
789.0,213.0,84,84
789.0,212.0,84,84
791.0,211.0,84,84
792.0,210.0,84,84
794.0,209.0,84,84
795.0,208.0,84,84
797.0,207.0,84,84
798.0,206.0,84,84
799.0,205.0,84,84
800.0,205.0,84,84
801.0,204.0,84,84
802.0,203.0,84,84
803.0,201.0,84,84
804.0,200.0,84,84
804.0,200.0,84,84
803.0,200.0,84,84
803.0,200.0,84,84
804.0,199.0,84,84
805.0,197.0,84,84
806.0,196.0,84,84
805.0,195.0,84,84
804.0,193.0,84,84
803.0,192.0,84,84
801.0,190.0,84,84
798.0,189.0,84,84
796.0,187.0,84,84
793.0,186.0,84,84
790.0,185.0,84,84
787.0,184.0,84,84
783.0,183.0,84,84
778.0,183.0,84,84
774.0,182.0,84,84
770.0,180.0,84,84
766.0,178.0,84,84
762.0,176.0,84,84
757.0,175.0,84,84
753.0,173.0,84,84
748.0,172.0,84,84
743.0,170.0,84,84
739.0,169.0,84,84
734.0,167.0,84,84
730.0,166.0,84,84
727.0,166.0,84,84
723.0,165.0,84,84
719.0,164.0,84,84
716.0,163.0,84,84
712.0,162.0,84,84
709.0,161.0,84,84
707.0,160.0,84,84
704.0,159.0,84,84
702.0,159.0,84,84
701.0,158.0,84,84
699.0,158.0,84,84
698.0,157.0,84,84
697.0,157.0,84,84
696.0,156.0,84,84
695.0,155.0,84,84
694.0,153.0,84,84
693.0,152.0,84,84
693.0,151.0,84,84
693.0,150.0,84,84
693.0,149.0,84,84
693.0,148.0,84,84
693.0,148.0,84,84
693.0,147.0,84,84
693.0,146.0,84,84
694.0,146.0,84,84
694.0,145.0,84,84
694.0,145.0,84,84
693.0,145.0,84,84
693.0,145.0,84,84
692.0,145.0,84,84
692.0,144.0,84,84
691.0,144.0,84,84
690.0,143.0,84,84
689.0,143.0,84,84
688.0,142.0,84,84
687.0,141.0,84,84
685.0,140.0,84,84
684.0,139.0,84,84
682.0,139.0,84,84
679.0,138.0,84,84
677.0,138.0,84,84
674.0,137.0,84,84
671.0,137.0,84,84
668.0,136.0,84,84
665.0,136.0,84,84
661.0,136.0,84,84
658.0,136.0,84,84
655.0,136.0,84,84
651.0,135.0,84,84
648.0,135.0,84,84
645.0,134.0,84,84
642.0,134.0,84,84
639.0,133.0,84,84
636.0,132.0,84,84
634.0,132.0,84,84
631.0,131.0,84,84
628.0,130.0,84,84
626.0,130.0,84,84
623.0,129.0,84,84
622.0,129.0,84,84
620.0,129.0,84,84
619.0,129.0,84,84
617.0,129.0,84,84
616.0,129.0,84,84
614.0,129.0,84,84
614.0,130.0,84,84
613.0,130.0,84,84
613.0,131.0,84,84
613.0,131.0,84,84
613.0,131.0,84,84
613.0,131.0,84,84
614.0,130.0,84,84
616.0,128.0,84,84
617.0,127.0,84,84
618.0,127.0,84,84
619.0,127.0,84,84
620.0,127.0,84,84
622.0,127.0,84,84
624.0,127.0,84,84
626.0,127.0,84,84
627.0,128.0,84,84
629.0,129.0,84,84
630.0,130.0,84,84
631.0,129.0,84,84
633.0,127.0,84,84
634.0,126.0,84,84
636.0,126.0,84,84
638.0,127.0,84,84
640.0,127.0,84,84
641.0,126.0,84,84
642.0,126.0,84,84
643.0,125.0,84,84
644.0,125.0,84,84
646.0,125.0,84,84
647.0,125.0,84,84
647.0,126.0,84,84
646.0,126.0,84,84
646.0,127.0,84,84
644.0,127.0,84,84
641.0,127.0,84,84
639.0,127.0,84,84
636.0,127.0,84,84
633.0,127.0,84,84
630.0,127.0,84,84
626.0,127.0,84,84
623.0,127.0,84,84
619.0,127.0,84,84
615.0,127.0,84,84
612.0,127.0,84,84
608.0,127.0,84,84
605.0,127.0,84,84
603.0,127.0,84,84
600.0,127.0,84,84
597.0,127.0,84,84
595.0,127.0,84,84
592.0,127.0,84,84
591.0,128.0,84,84
589.0,130.0,84,84
588.0,131.0,84,84
588.0,131.0,84,84
588.0,131.0,84,84
588.0,131.0,84,84
588.0,131.0,84,84
588.0,131.0,84,84
588.0,131.0,84,84
589.0,130.0,84,84
591.0,130.0,84,84
592.0,129.0,84,84
593.0,130.0,84,84
595.0,130.0,84,84
596.0,131.0,84,84
597.0,131.0,84,84
599.0,131.0,84,84
600.0,131.0,84,84
601.0,132.0,84,84
602.0,133.0,84,84
603.0,134.0,84,84
604.0,135.0,84,84
606.0,135.0,84,84
607.0,136.0,84,84
608.0,136.0,84,84
610.0,136.0,84,84
611.0,136.0,84,84
612.0,136.0,84,84
612.0,136.0,84,84
613.0,136.0,84,84
614.0,136.0,84,84
616.0,136.0,84,84
617.0,136.0,84,84
618.0,136.0,84,84
618.0,137.0,84,84
619.0,137.0,84,84
620.0,138.0,84,84
620.0,138.0,84,84
621.0,139.0,84,84
621.0,139.0,84,84
621.0,139.0,84,84
621.0,139.0,84,84
622.0,139.0,84,84
622.0,139.0,84,84
623.0,139.0,84,84
623.0,139.0,84,84
623.0,139.0,84,84
623.0,139.0,84,84
622.0,139.0,84,84
621.0,139.0,84,84
620.0,139.0,84,84
618.0,141.0,84,84
615.0,142.0,84,84
613.0,144.0,84,84
611.0,145.0,84,84
610.0,145.0,84,84
608.0,146.0,84,84
606.0,146.0,84,84
603.0,147.0,84,84
601.0,147.0,84,84
600.0,147.0,84,84
599.0,146.0,84,84
598.0,146.0,84,84
597.0,146.0,84,84
597.0,147.0,84,84
596.0,147.0,84,84
596.0,147.0,84,84
596.0,147.0,84,84
596.0,147.0,84,84
595.0,147.0,84,84
595.0,148.0,84,84
594.0,148.0,84,84
595.0,149.0,84,84
595.0,151.0,84,84
596.0,152.0,84,84
597.0,152.0,84,84
597.0,152.0,84,84
598.0,152.0,84,84
599.0,151.0,84,84
599.0,151.0,84,84
600.0,150.0,84,84
601.0,150.0,84,84
601.0,150.0,84,84
602.0,150.0,84,84
602.0,152.0,84,84
603.0,153.0,84,84
603.0,155.0,84,84
603.0,155.0,84,84
603.0,155.0,84,84
603.0,155.0,84,84
604.0,156.0,84,84
605.0,156.0,84,84
606.0,157.0,84,84
606.0,157.0,84,84
606.0,157.0,84,84
606.0,157.0,84,84
606.0,157.0,84,84
606.0,157.0,84,84
606.0,157.0,84,84
607.0,159.0,84,84
607.0,160.0,84,84
608.0,162.0,84,84
608.0,164.0,84,84
608.0,165.0,84,84
608.0,167.0,84,84
609.0,167.0,84,84
609.0,167.0,84,84
610.0,167.0,84,84
611.0,168.0,84,84
611.0,169.0,84,84
612.0,170.0,84,84
613.0,170.0,84,84
614.0,170.0,84,84
615.0,170.0,84,84
616.0,170.0,84,84
617.0,170.0,84,84
618.0,170.0,84,84
619.0,170.0,84,84
619.0,170.0,84,84
620.0,170.0,84,84
620.0,171.0,84,84
620.0,172.0,84,84
620.0,173.0,84,84
621.0,174.0,84,84
621.0,176.0,84,84
622.0,177.0,84,84
622.0,177.0,84,84
622.0,177.0,84,84
622.0,177.0,84,84
623.0,177.0,84,84
623.0,178.0,84,84
624.0,178.0,84,84
625.0,178.0,84,84
626.0,178.0,84,84
627.0,178.0,84,84
627.0,180.0,84,84
628.0,181.0,84,84
628.0,183.0,84,84
629.0,184.0,84,84
630.0,185.0,84,84
631.0,186.0,84,84
632.0,187.0,84,84
633.0,187.0,84,84
634.0,188.0,84,84
636.0,188.0,84,84
637.0,189.0,84,84
639.0,189.0,84,84
640.0,190.0,84,84
641.0,191.0,84,84
642.0,192.0,84,84
643.0,192.0,84,84
644.0,192.0,84,84
645.0,192.0,84,84
646.0,194.0,84,84
648.0,195.0,84,84
649.0,197.0,84,84
650.0,198.0,84,84
650.0,199.0,84,84
651.0,200.0,84,84
651.0,202.0,84,84
652.0,203.0,84,84
652.0,205.0,84,84
653.0,205.0,84,84
653.0,206.0,84,84
654.0,206.0,84,84
656.0,207.0,84,84
657.0,207.0,84,84
659.0,208.0,84,84
660.0,209.0,84,84
661.0,211.0,84,84
662.0,212.0,84,84
663.0,213.0,84,84
665.0,213.0,84,84
666.0,214.0,84,84
668.0,217.0,84,84
669.0,219.0,84,84
671.0,222.0,84,84
672.0,222.0,84,84
673.0,223.0,84,84
674.0,223.0,84,84
676.0,224.0,84,84
678.0,225.0,84,84
680.0,226.0,84,84
682.0,227.0,84,84
684.0,228.0,84,84
686.0,229.0,84,84
687.0,230.0,84,84
689.0,232.0,84,84
690.0,233.0,84,84
691.0,234.0,84,84
692.0,234.0,84,84
693.0,235.0,84,84
695.0,236.0,84,84
696.0,237.0,84,84
698.0,238.0,84,84
700.0,240.0,84,84
701.0,241.0,84,84
703.0,243.0,84,84
705.0,244.0,84,84
706.0,245.0,84,84
708.0,246.0,84,84
710.0,247.0,84,84
711.0,247.0,84,84
713.0,248.0,84,84
715.0,249.0,84,84
716.0,251.0,84,84
718.0,252.0,84,84
720.0,253.0,84,84
721.0,255.0,84,84
723.0,256.0,84,84
725.0,257.0,84,84
728.0,258.0,84,84
730.0,259.0,84,84
732.0,261.0,84,84
734.0,264.0,84,84
736.0,266.0,84,84
738.0,266.0,84,84
741.0,265.0,84,84
743.0,265.0,84,84
745.0,266.0,84,84
747.0,266.0,84,84
749.0,267.0,84,84
751.0,268.0,84,84
754.0,268.0,84,84
756.0,269.0,84,84
757.0,269.0,84,84
758.0,270.0,84,84
759.0,270.0,84,84
759.0,271.0,84,84
759.0,272.0,84,84
759.0,273.0,84,84
757.0,274.0,84,84
756.0,275.0,84,84
754.0,276.0,84,84
752.0,277.0,84,84
749.0,277.0,84,84
747.0,278.0,84,84
744.0,277.0,84,84
740.0,275.0,84,84
737.0,274.0,84,84
733.0,274.0,84,84
730.0,274.0,84,84
726.0,274.0,84,84
723.0,273.0,84,84
719.0,273.0,84,84
716.0,272.0,84,84
712.0,272.0,84,84
707.0,272.0,84,84
703.0,272.0,84,84
700.0,272.0,84,84
697.0,272.0,84,84
694.0,272.0,84,84
692.0,272.0,84,84
690.0,272.0,84,84
688.0,272.0,84,84
686.0,271.0,84,84
685.0,269.0,84,84
683.0,268.0,84,84
682.0,268.0,84,84
681.0,267.0,84,84
680.0,267.0,84,84
680.0,267.0,84,84
679.0,268.0,84,84
679.0,268.0,84,84
679.0,268.0,84,84
679.0,268.0,84,84
679.0,268.0,84,84
680.0,268.0,84,84
682.0,268.0,84,84
683.0,268.0,84,84
684.0,268.0,84,84
686.0,267.0,84,84
687.0,267.0,84,84
687.0,267.0,84,84
687.0,267.0,84,84
687.0,267.0,84,84
687.0,267.0,84,84
687.0,266.0,84,84
687.0,266.0,84,84
687.0,266.0,84,84
687.0,265.0,84,84
687.0,265.0,84,84
685.0,264.0,84,84
683.0,262.0,84,84
681.0,261.0,84,84
679.0,261.0,84,84
677.0,261.0,84,84
675.0,261.0,84,84
673.0,260.0,84,84
670.0,260.0,84,84
668.0,259.0,84,84
664.0,257.0,84,84
661.0,255.0,84,84
657.0,253.0,84,84
654.0,252.0,84,84
651.0,252.0,84,84
648.0,251.0,84,84
644.0,251.0,84,84
641.0,252.0,84,84
637.0,252.0,84,84
634.0,252.0,84,84
632.0,251.0,84,84
629.0,251.0,84,84
628.0,250.0,84,84
626.0,249.0,84,84
625.0,248.0,84,84
625.0,247.0,84,84
624.0,247.0,84,84
624.0,246.0,84,84
624.0,245.0,84,84
625.0,245.0,84,84
625.0,244.0,84,84
626.0,244.0,84,84
627.0,243.0,84,84
628.0,243.0,84,84
629.0,243.0,84,84
629.0,243.0,84,84
630.0,243.0,84,84
631.0,242.0,84,84
631.0,242.0,84,84
632.0,241.0,84,84
632.0,240.0,84,84
633.0,239.0,84,84
633.0,238.0,84,84
633.0,238.0,84,84
633.0,238.0,84,84
633.0,238.0,84,84
633.0,237.0,84,84
634.0,236.0,84,84
634.0,235.0,84,84
635.0,235.0,84,84
636.0,235.0,84,84
637.0,235.0,84,84
636.0,235.0,84,84
636.0,235.0,84,84
635.0,235.0,84,84
635.0,235.0,84,84
635.0,235.0,84,84
635.0,235.0,84,84
635.0,235.0,84,84
635.0,235.0,84,84
635.0,235.0,84,84
635.0,235.0,84,84
635.0,235.0,84,84
635.0,235.0,84,84
635.0,235.0,84,84
635.0,235.0,84,84
635.0,235.0,84,84
635.0,235.0,84,84
635.0,235.0,84,84
635.0,235.0,84,84
635.0,235.0,84,84
635.0,235.0,84,84
635.0,235.0,84,84
635.0,235.0,84,84
635.0,235.0,84,84
635.0,235.0,84,84
637.0,235.0,84,84
638.0,235.0,84,84
640.0,235.0,84,84
640.0,236.0,84,84
640.0,237.0,84,84
640.0,238.0,84,84
640.0,238.0,84,84
640.0,238.0,84,84
640.0,238.0,84,84
640.0,238.0,84,84
640.0,238.0,84,84
640.0,238.0,84,84
639.0,239.0,84,84
638.0,241.0,84,84
637.0,242.0,84,84
637.0,242.0,84,84
637.0,242.0,84,84
637.0,242.0,84,84
635.0,243.0,84,84
633.0,243.0,84,84
631.0,244.0,84,84
631.0,244.0,84,84
631.0,244.0,84,84
631.0,244.0,84,84
631.0,244.0,84,84
631.0,244.0,84,84
631.0,244.0,84,84
630.0,244.0,84,84
630.0,244.0,84,84
629.0,244.0,84,84
629.0,244.0,84,84
629.0,243.0,84,84
629.0,243.0,84,84
628.0,243.0,84,84
628.0,243.0,84,84
627.0,243.0,84,84
626.0,243.0,84,84
624.0,243.0,84,84
623.0,243.0,84,84
623.0,243.0,84,84
623.0,243.0,84,84
623.0,243.0,84,84
623.0,242.0,84,84
623.0,240.0,84,84
623.0,239.0,84,84
621.0,238.0,84,84
620.0,237.0,84,84
618.0,236.0,84,84
618.0,235.0,84,84
617.0,235.0,84,84
617.0,234.0,84,84
615.0,234.0,84,84
614.0,234.0,84,84
612.0,234.0,84,84
612.0,234.0,84,84
611.0,234.0,84,84
611.0,234.0,84,84
610.0,234.0,84,84
610.0,233.0,84,84
609.0,233.0,84,84
608.0,233.0,84,84
607.0,233.0,84,84
606.0,233.0,84,84
605.0,232.0,84,84
603.0,232.0,84,84
602.0,231.0,84,84
602.0,231.0,84,84
601.0,231.0,84,84
601.0,231.0,84,84
601.0,230.0,84,84
600.0,228.0,84,84
600.0,227.0,84,84
600.0,227.0,84,84
599.0,227.0,84,84
599.0,227.0,84,84
599.0,225.0,84,84
599.0,224.0,84,84
599.0,222.0,84,84
598.0,221.0,84,84
597.0,219.0,84,84
596.0,218.0,84,84
595.0,218.0,84,84
595.0,218.0,84,84
594.0,218.0,84,84
594.0,217.0,84,84
593.0,217.0,84,84
593.0,216.0,84,84
592.0,215.0,84,84
591.0,214.0,84,84
590.0,213.0,84,84
589.0,213.0,84,84
589.0,213.0,84,84
588.0,213.0,84,84
588.0,213.0,84,84
588.0,213.0,84,84
588.0,213.0,84,84
588.0,213.0,84,84
587.0,212.0,84,84
587.0,212.0,84,84
586.0,211.0,84,84
585.0,209.0,84,84
584.0,208.0,84,84
584.0,208.0,84,84
583.0,209.0,84,84
583.0,209.0,84,84
583.0,209.0,84,84
582.0,209.0,84,84
582.0,209.0,84,84
582.0,209.0,84,84
582.0,209.0,84,84
582.0,209.0,84,84
582.0,208.0,84,84
582.0,208.0,84,84
582.0,207.0,84,84
581.0,207.0,84,84
581.0,207.0,84,84
580.0,207.0,84,84
580.0,206.0,84,84
581.0,206.0,84,84
581.0,205.0,84,84
581.0,205.0,84,84
580.0,205.0,84,84
580.0,205.0,84,84
580.0,205.0,84,84
579.0,205.0,84,84
579.0,205.0,84,84
579.0,205.0,84,84
579.0,205.0,84,84
579.0,205.0,84,84
578.0,205.0,84,84
578.0,205.0,84,84
577.0,205.0,84,84
577.0,205.0,84,84
576.0,206.0,84,84
576.0,206.0,84,84
575.0,206.0,84,84
573.0,206.0,84,84
572.0,206.0,84,84
572.0,206.0,84,84
572.0,207.0,84,84
572.0,207.0,84,84
572.0,207.0,84,84
572.0,207.0,84,84
572.0,207.0,84,84
572.0,207.0,84,84
572.0,208.0,84,84
572.0,208.0,84,84
572.0,208.0,84,84
572.0,208.0,84,84
572.0,208.0,84,84
572.0,208.0,84,84
572.0,208.0,84,84
572.0,208.0,84,84
572.0,208.0,84,84
572.0,208.0,84,84
572.0,208.0,84,84
572.0,208.0,84,84
572.0,208.0,84,84
572.0,208.0,84,84
572.0,208.0,84,84
572.0,208.0,84,84
572.0,208.0,84,84
572.0,208.0,84,84
572.0,208.0,84,84
572.0,208.0,84,84
572.0,208.0,84,84
571.0,208.0,84,84
571.0,208.0,84,84
570.0,208.0,84,84
570.0,208.0,84,84
569.0,208.0,84,84
569.0,208.0,84,84
569.0,208.0,84,84
569.0,208.0,84,84
568.0,208.0,84,84
568.0,207.0,84,84
567.0,207.0,84,84
567.0,207.0,84,84
567.0,207.0,84,84
567.0,207.0,84,84
566.0,207.0,84,84
565.0,207.0,84,84
564.0,207.0,84,84
564.0,207.0,84,84
564.0,207.0,84,84
564.0,207.0,84,84
564.0,207.0,84,84
564.0,207.0,84,84
564.0,207.0,84,84
564.0,207.0,84,84
563.0,207.0,84,84
563.0,207.0,84,84
563.0,207.0,84,84
563.0,207.0,84,84
563.0,207.0,84,84
562.0,207.0,84,84
561.0,208.0,84,84
560.0,208.0,84,84
560.0,208.0,84,84
559.0,208.0,84,84
559.0,208.0,84,84
558.0,208.0,84,84
557.0,207.0,84,84
556.0,207.0,84,84
556.0,207.0,84,84
556.0,207.0,84,84
556.0,207.0,84,84
555.0,207.0,84,84
553.0,207.0,84,84
552.0,207.0,84,84
552.0,207.0,84,84
552.0,207.0,84,84
552.0,207.0,84,84
552.0,207.0,84,84
551.0,208.0,84,84
551.0,208.0,84,84
551.0,208.0,84,84
551.0,208.0,84,84
551.0,208.0,84,84
551.0,208.0,84,84
551.0,208.0,84,84
551.0,208.0,84,84
551.0,208.0,84,84
551.0,208.0,84,84
551.0,208.0,84,84
551.0,208.0,84,84
551.0,208.0,84,84
551.0,208.0,84,84
551.0,208.0,84,84
551.0,208.0,84,84
551.0,208.0,84,84
550.0,208.0,84,84
550.0,208.0,84,84
549.0,208.0,84,84
548.0,208.0,84,84
548.0,208.0,84,84
547.0,208.0,84,84
546.0,208.0,84,84
545.0,208.0,84,84
544.0,208.0,84,84
544.0,208.0,84,84
544.0,208.0,84,84
544.0,208.0,84,84
543.0,208.0,84,84
542.0,208.0,84,84
541.0,208.0,84,84
541.0,208.0,84,84
540.0,208.0,84,84
540.0,208.0,84,84
540.0,208.0,84,84
540.0,208.0,84,84
540.0,208.0,84,84
539.0,208.0,84,84
538.0,208.0,84,84
537.0,208.0,84,84
537.0,208.0,84,84
537.0,208.0,84,84
537.0,208.0,84,84
537.0,208.0,84,84
537.0,208.0,84,84
537.0,208.0,84,84
537.0,208.0,84,84
537.0,208.0,84,84
537.0,208.0,84,84
537.0,208.0,84,84
537.0,208.0,84,84
537.0,208.0,84,84
537.0,208.0,84,84
537.0,208.0,84,84
537.0,208.0,84,84
537.0,208.0,84,84
537.0,208.0,84,84
537.0,208.0,84,84
536.0,208.0,84,84
535.0,207.0,84,84
534.0,207.0,84,84
534.0,207.0,84,84
533.0,207.0,84,84
533.0,207.0,84,84
533.0,207.0,84,84
533.0,207.0,84,84
533.0,207.0,84,84
533.0,207.0,84,84
533.0,207.0,84,84
533.0,207.0,84,84
534.0,207.0,84,84
536.0,207.0,84,84
537.0,207.0,84,84
537.0,207.0,84,84
537.0,207.0,84,84
537.0,207.0,84,84
538.0,207.0,84,84
539.0,207.0,84,84
540.0,207.0,84,84
541.0,207.0,84,84
541.0,207.0,84,84
542.0,207.0,84,84
543.0,207.0,84,84
545.0,207.0,84,84
546.0,207.0,84,84
547.0,207.0,84,84
547.0,206.0,84,84
548.0,206.0,84,84
549.0,206.0,84,84
549.0,206.0,84,84
550.0,206.0,84,84
550.0,206.0,84,84
551.0,207.0,84,84
551.0,207.0,84,84
551.0,207.0,84,84
551.0,207.0,84,84
551.0,207.0,84,84
551.0,206.0,84,84
552.0,206.0,84,84
552.0,205.0,84,84
552.0,205.0,84,84
552.0,205.0,84,84
552.0,205.0,84,84
553.0,205.0,84,84
553.0,205.0,84,84
554.0,205.0,84,84
555.0,205.0,84,84
555.0,205.0,84,84
556.0,205.0,84,84
557.0,205.0,84,84
557.0,205.0,84,84
558.0,205.0,84,84
558.0,205.0,84,84
559.0,205.0,84,84
559.0,205.0,84,84
560.0,205.0,84,84
560.0,205.0,84,84
561.0,205.0,84,84
562.0,205.0,84,84
562.0,205.0,84,84
563.0,205.0,84,84
564.0,205.0,84,84
565.0,205.0,84,84
566.0,205.0,84,84
567.0,205.0,84,84
568.0,205.0,84,84
569.0,205.0,84,84
569.0,205.0,84,84
569.0,206.0,84,84
569.0,206.0,84,84
570.0,206.0,84,84
571.0,206.0,84,84
572.0,206.0,84,84
572.0,206.0,84,84
573.0,206.0,84,84
573.0,206.0,84,84
574.0,206.0,84,84
576.0,207.0,84,84
577.0,207.0,84,84
578.0,207.0,84,84
578.0,207.0,84,84
579.0,207.0,84,84
579.0,207.0,84,84
580.0,207.0,84,84
580.0,207.0,84,84
581.0,207.0,84,84
581.0,208.0,84,84
582.0,208.0,84,84
582.0,208.0,84,84
582.0,208.0,84,84
582.0,208.0,84,84
582.0,208.0,84,84
582.0,208.0,84,84
582.0,208.0,84,84
583.0,208.0,84,84
583.0,208.0,84,84
584.0,208.0,84,84
584.0,208.0,84,84
584.0,208.0,84,84
584.0,208.0,84,84
584.0,208.0,84,84
584.0,208.0,84,84
584.0,208.0,84,84
584.0,208.0,84,84
584.0,208.0,84,84
584.0,208.0,84,84
584.0,208.0,84,84
584.0,208.0,84,84
584.0,208.0,84,84
584.0,208.0,84,84
584.0,208.0,84,84
584.0,208.0,84,84
584.0,208.0,84,84
584.0,208.0,84,84
584.0,208.0,84,84
584.0,209.0,84,84
584.0,211.0,84,84
584.0,212.0,84,84
584.0,212.0,84,84
584.0,212.0,84,84
584.0,212.0,84,84
584.0,212.0,84,84
584.0,212.0,84,84
584.0,212.0,84,84
584.0,212.0,84,84
584.0,212.0,84,84
584.0,212.0,84,84
585.0,213.0,84,84
587.0,213.0,84,84
588.0,214.0,84,84
588.0,214.0,84,84
588.0,214.0,84,84
588.0,214.0,84,84
588.0,214.0,84,84
588.0,214.0,84,84
588.0,214.0,84,84
588.0,214.0,84,84
588.0,214.0,84,84
588.0,214.0,84,84
588.0,214.0,84,84
588.0,214.0,84,84
588.0,214.0,84,84
588.0,215.0,84,84
589.0,215.0,84,84
589.0,216.0,84,84
589.0,216.0,84,84
589.0,216.0,84,84
589.0,216.0,84,84
589.0,216.0,84,84
589.0,216.0,84,84
589.0,216.0,84,84
589.0,216.0,84,84
589.0,216.0,84,84
589.0,216.0,84,84
589.0,216.0,84,84
589.0,216.0,84,84
589.0,216.0,84,84
589.0,216.0,84,84
589.0,216.0,84,84
589.0,216.0,84,84
590.0,217.0,84,84
591.0,217.0,84,84
592.0,218.0,84,84
592.0,218.0,84,84
592.0,218.0,84,84
592.0,218.0,84,84
592.0,218.0,84,84
592.0,218.0,84,84
592.0,218.0,84,84
592.0,218.0,84,84
592.0,218.0,84,84
592.0,218.0,84,84
592.0,218.0,84,84
592.0,218.0,84,84
592.0,218.0,84,84
592.0,218.0,84,84
592.0,218.0,84,84
592.0,218.0,84,84
592.0,218.0,84,84
592.0,218.0,84,84
592.0,218.0,84,84
593.0,218.0,84,84
593.0,218.0,84,84
594.0,218.0,84,84
594.0,218.0,84,84
594.0,218.0,84,84
594.0,218.0,84,84
594.0,217.0,84,84
594.0,215.0,84,84
594.0,214.0,84,84
594.0,214.0,84,84
594.0,214.0,84,84
594.0,214.0,84,84
594.0,214.0,84,84
594.0,214.0,84,84
594.0,214.0,84,84
594.0,214.0,84,84
594.0,213.0,84,84
594.0,213.0,84,84
594.0,213.0,84,84
594.0,213.0,84,84
594.0,213.0,84,84
595.0,213.0,84,84
597.0,213.0,84,84
598.0,213.0,84,84
600.0,213.0,84,84
601.0,213.0,84,84
603.0,213.0,84,84
603.0,213.0,84,84
602.0,213.0,84,84
602.0,213.0,84,84
601.0,210.0,84,84
599.0,207.0,84,84
598.0,204.0,84,84
597.0,202.0,84,84
597.0,201.0,84,84
596.0,199.0,84,84
595.0,198.0,84,84
595.0,196.0,84,84
594.0,195.0,84,84
593.0,195.0,84,84
593.0,195.0,84,84
592.0,195.0,84,84
591.0,195.0,84,84
591.0,195.0,84,84
590.0,195.0,84,84
590.0,195.0,84,84
590.0,195.0,84,84
590.0,195.0,84,84
590.0,193.0,84,84
590.0,190.0,84,84
590.0,188.0,84,84
590.0,188.0,84,84
590.0,188.0,84,84
590.0,188.0,84,84
590.0,188.0,84,84
590.0,188.0,84,84
590.0,188.0,84,84
590.0,187.0,84,84
590.0,186.0,84,84
590.0,185.0,84,84
590.0,183.0,84,84
589.0,182.0,84,84
589.0,180.0,84,84
589.0,180.0,84,84
589.0,180.0,84,84
589.0,180.0,84,84
589.0,179.0,84,84
589.0,177.0,84,84
589.0,176.0,84,84
589.0,175.0,84,84
588.0,175.0,84,84
588.0,174.0,84,84
588.0,174.0,84,84
587.0,173.0,84,84
587.0,173.0,84,84
587.0,173.0,84,84
587.0,173.0,84,84
587.0,173.0,84,84
586.0,173.0,84,84
585.0,173.0,84,84
584.0,173.0,84,84
584.0,172.0,84,84
584.0,171.0,84,84
584.0,170.0,84,84
584.0,170.0,84,84
584.0,170.0,84,84
584.0,170.0,84,84
584.0,170.0,84,84
584.0,170.0,84,84
584.0,170.0,84,84
584.0,170.0,84,84
584.0,170.0,84,84
584.0,170.0,84,84
585.0,169.0,84,84
585.0,168.0,84,84
586.0,167.0,84,84
586.0,167.0,84,84
586.0,167.0,84,84
586.0,167.0,84,84
586.0,166.0,84,84
586.0,164.0,84,84
586.0,163.0,84,84
586.0,163.0,84,84
586.0,163.0,84,84
586.0,163.0,84,84
585.0,163.0,84,84
585.0,163.0,84,84
584.0,163.0,84,84
584.0,163.0,84,84
583.0,163.0,84,84
583.0,163.0,84,84
583.0,163.0,84,84
583.0,163.0,84,84
583.0,163.0,84,84
583.0,163.0,84,84
583.0,163.0,84,84
583.0,163.0,84,84
583.0,164.0,84,84
583.0,164.0,84,84
583.0,165.0,84,84
583.0,166.0,84,84
583.0,168.0,84,84
583.0,169.0,84,84
583.0,169.0,84,84
583.0,169.0,84,84
583.0,169.0,84,84
583.0,169.0,84,84
583.0,169.0,84,84
583.0,169.0,84,84
583.0,171.0,84,84
583.0,174.0,84,84
583.0,176.0,84,84
584.0,176.0,84,84
586.0,176.0,84,84
587.0,176.0,84,84
587.0,177.0,84,84
587.0,177.0,84,84
587.0,178.0,84,84
587.0,178.0,84,84
587.0,178.0,84,84
587.0,178.0,84,84
587.0,178.0,84,84
588.0,179.0,84,84
588.0,179.0,84,84
588.0,179.0,84,84
589.0,180.0,84,84
589.0,180.0,84,84
589.0,182.0,84,84
590.0,183.0,84,84
590.0,185.0,84,84
590.0,186.0,84,84
591.0,188.0,84,84
591.0,189.0,84,84
591.0,189.0,84,84
592.0,189.0,84,84
592.0,189.0,84,84
592.0,191.0,84,84
592.0,193.0,84,84
592.0,195.0,84,84
593.0,195.0,84,84
593.0,196.0,84,84
594.0,196.0,84,84
595.0,197.0,84,84
596.0,197.0,84,84
597.0,198.0,84,84
598.0,199.0,84,84
598.0,199.0,84,84
599.0,200.0,84,84
600.0,202.0,84,84
601.0,204.0,84,84
602.0,206.0,84,84
604.0,207.0,84,84
605.0,207.0,84,84
607.0,208.0,84,84
608.0,208.0,84,84
609.0,208.0,84,84
610.0,208.0,84,84
611.0,208.0,84,84
611.0,209.0,84,84
612.0,209.0,84,84
613.0,210.0,84,84
615.0,211.0,84,84
616.0,212.0,84,84
617.0,213.0,84,84
618.0,214.0,84,84
619.0,215.0,84,84
620.0,216.0,84,84
620.0,216.0,84,84
621.0,217.0,84,84
622.0,219.0,84,84
622.0,220.0,84,84
623.0,222.0,84,84
625.0,222.0,84,84
626.0,223.0,84,84
628.0,223.0,84,84
629.0,224.0,84,84
629.0,225.0,84,84
630.0,226.0,84,84
631.0,227.0,84,84
631.0,227.0,84,84
632.0,228.0,84,84
632.0,228.0,84,84
632.0,228.0,84,84
632.0,228.0,84,84
632.0,230.0,84,84
632.0,232.0,84,84
632.0,234.0,84,84
631.0,235.0,84,84
631.0,237.0,84,84
630.0,238.0,84,84
630.0,238.0,84,84
630.0,238.0,84,84
630.0,238.0,84,84
629.0,238.0,84,84
627.0,238.0,84,84
626.0,238.0,84,84
625.0,238.0,84,84
624.0,238.0,84,84
623.0,238.0,84,84
623.0,238.0,84,84
623.0,238.0,84,84
623.0,238.0,84,84
623.0,238.0,84,84
623.0,238.0,84,84
623.0,238.0,84,84
624.0,240.0,84,84
626.0,243.0,84,84
627.0,245.0,84,84
629.0,246.0,84,84
631.0,246.0,84,84
633.0,247.0,84,84
635.0,248.0,84,84
637.0,248.0,84,84
639.0,249.0,84,84
641.0,249.0,84,84
642.0,249.0,84,84
644.0,249.0,84,84
646.0,250.0,84,84
649.0,251.0,84,84
651.0,252.0,84,84
653.0,252.0,84,84
656.0,253.0,84,84
658.0,253.0,84,84
660.0,254.0,84,84
662.0,256.0,84,84
664.0,257.0,84,84
667.0,257.0,84,84
669.0,256.0,84,84
672.0,256.0,84,84
674.0,256.0,84,84
677.0,257.0,84,84
679.0,257.0,84,84
681.0,257.0,84,84
682.0,256.0,84,84
684.0,256.0,84,84
685.0,256.0,84,84
685.0,255.0,84,84
686.0,255.0,84,84
686.0,255.0,84,84
686.0,255.0,84,84
686.0,255.0,84,84
685.0,255.0,84,84
684.0,256.0,84,84
683.0,256.0,84,84
682.0,256.0,84,84
681.0,255.0,84,84
680.0,255.0,84,84
679.0,254.0,84,84
678.0,254.0,84,84
677.0,253.0,84,84
676.0,253.0,84,84
675.0,252.0,84,84
674.0,252.0,84,84
674.0,252.0,84,84
673.0,252.0,84,84
673.0,252.0,84,84
672.0,251.0,84,84
671.0,251.0,84,84
670.0,250.0,84,84
670.0,249.0,84,84
670.0,249.0,84,84
670.0,248.0,84,84
670.0,248.0,84,84
670.0,248.0,84,84
670.0,248.0,84,84
670.0,247.0,84,84
670.0,245.0,84,84
670.0,244.0,84,84
670.0,242.0,84,84
670.0,240.0,84,84
670.0,238.0,84,84
670.0,237.0,84,84
670.0,236.0,84,84
670.0,235.0,84,84
670.0,235.0,84,84
671.0,234.0,84,84
671.0,234.0,84,84
671.0,232.0,84,84
671.0,231.0,84,84
671.0,229.0,84,84
671.0,228.0,84,84
670.0,228.0,84,84
670.0,227.0,84,84
668.0,226.0,84,84
666.0,225.0,84,84
664.0,224.0,84,84
662.0,223.0,84,84
660.0,221.0,84,84
658.0,220.0,84,84
655.0,220.0,84,84
651.0,219.0,84,84
648.0,219.0,84,84
644.0,218.0,84,84
640.0,218.0,84,84
636.0,217.0,84,84
632.0,216.0,84,84
627.0,214.0,84,84
623.0,213.0,84,84
619.0,212.0,84,84
614.0,210.0,84,84
610.0,209.0,84,84
607.0,209.0,84,84
603.0,209.0,84,84
600.0,209.0,84,84
596.0,208.0,84,84
592.0,207.0,84,84
588.0,206.0,84,84
584.0,205.0,84,84
580.0,205.0,84,84
576.0,204.0,84,84
574.0,204.0,84,84
572.0,203.0,84,84
570.0,203.0,84,84
568.0,203.0,84,84
565.0,203.0,84,84
563.0,203.0,84,84
563.0,203.0,84,84
563.0,203.0,84,84
563.0,203.0,84,84
563.0,203.0,84,84
563.0,203.0,84,84
563.0,203.0,84,84
563.0,203.0,84,84
563.0,203.0,84,84
563.0,203.0,84,84
562.0,201.0,84,84
561.0,198.0,84,84
560.0,196.0,84,84
558.0,197.0,84,84
556.0,197.0,84,84
554.0,198.0,84,84
550.0,205.0,84,84
546.0,212.0,84,84
542.0,219.0,84,84
539.0,220.0,84,84
536.0,222.0,84,84
533.0,223.0,84,84
535.0,214.0,84,84
536.0,205.0,84,84
538.0,196.0,84,84
533.0,195.0,84,84
528.0,194.0,84,84
523.0,193.0,84,84
518.0,193.0,84,84
513.0,193.0,84,84
508.0,193.0,84,84
505.0,192.0,84,84
501.0,191.0,84,84
498.0,190.0,84,84
494.0,189.0,84,84
491.0,189.0,84,84
487.0,188.0,84,84
483.0,188.0,84,84
479.0,189.0,84,84
475.0,189.0,84,84
473.0,189.0,84,84
470.0,188.0,84,84
468.0,188.0,84,84
466.0,188.0,84,84
463.0,187.0,84,84
461.0,187.0,84,84
458.0,187.0,84,84
454.0,186.0,84,84
451.0,186.0,84,84
448.0,186.0,84,84
444.0,186.0,84,84
441.0,186.0,84,84
438.0,186.0,84,84
435.0,186.0,84,84
432.0,186.0,84,84
429.0,187.0,84,84
427.0,187.0,84,84
424.0,188.0,84,84
422.0,189.0,84,84
421.0,189.0,84,84
419.0,190.0,84,84
414.0,191.0,84,84
410.0,192.0,84,84
405.0,193.0,84,84
402.0,193.0,84,84
400.0,194.0,84,84
397.0,194.0,84,84
394.0,195.0,84,84
390.0,196.0,84,84
387.0,197.0,84,84
385.0,198.0,84,84
382.0,198.0,84,84
380.0,199.0,84,84
378.0,200.0,84,84
377.0,201.0,84,84
375.0,202.0,84,84
374.0,202.0,84,84
373.0,203.0,84,84
372.0,203.0,84,84
368.0,204.0,84,84
363.0,205.0,84,84
359.0,206.0,84,84
357.0,208.0,84,84
355.0,211.0,84,84
353.0,213.0,84,84
351.0,214.0,84,84
349.0,214.0,84,84
347.0,215.0,84,84
345.0,216.0,84,84
343.0,218.0,84,84
341.0,219.0,84,84
341.0,220.0,84,84
342.0,221.0,84,84
342.0,222.0,84,84
342.0,223.0,84,84
341.0,223.0,84,84
341.0,224.0,84,84
340.0,224.0,84,84
339.0,225.0,84,84
338.0,225.0,84,84
338.0,225.0,84,84
338.0,226.0,84,84
338.0,226.0,84,84
338.0,227.0,84,84
337.0,228.0,84,84
337.0,229.0,84,84
336.0,230.0,84,84
336.0,231.0,84,84
335.0,232.0,84,84
334.0,231.0,84,84
334.0,231.0,84,84
333.0,230.0,84,84
332.0,231.0,84,84
331.0,231.0,84,84
330.0,232.0,84,84
328.0,233.0,84,84
326.0,234.0,84,84
324.0,235.0,84,84
321.0,236.0,84,84
317.0,236.0,84,84
314.0,237.0,84,84
312.0,239.0,84,84
310.0,240.0,84,84
308.0,242.0,84,84
304.0,243.0,84,84
301.0,245.0,84,84
297.0,246.0,84,84
293.0,248.0,84,84
289.0,250.0,84,84
285.0,252.0,84,84
283.0,253.0,84,84
280.0,255.0,84,84
278.0,256.0,84,84
278.0,256.0,84,84
277.0,257.0,84,84
277.0,257.0,84,84
277.0,258.0,84,84
277.0,258.0,84,84
277.0,259.0,84,84
277.0,258.0,84,84
278.0,258.0,84,84
278.0,257.0,84,84
281.0,257.0,84,84
284.0,257.0,84,84
287.0,257.0,84,84
290.0,256.0,84,84
292.0,254.0,84,84
295.0,253.0,84,84
298.0,252.0,84,84
302.0,252.0,84,84
305.0,251.0,84,84
307.0,250.0,84,84
310.0,248.0,84,84
312.0,247.0,84,84
316.0,246.0,84,84
319.0,245.0,84,84
323.0,244.0,84,84
326.0,244.0,84,84
330.0,244.0,84,84
333.0,244.0,84,84
335.0,244.0,84,84
338.0,243.0,84,84
340.0,243.0,84,84
343.0,243.0,84,84
347.0,244.0,84,84
350.0,244.0,84,84
353.0,244.0,84,84
357.0,244.0,84,84
360.0,244.0,84,84
364.0,244.0,84,84
367.0,244.0,84,84
371.0,244.0,84,84
373.0,244.0,84,84
375.0,245.0,84,84
377.0,245.0,84,84
381.0,245.0,84,84
384.0,246.0,84,84
388.0,246.0,84,84
390.0,247.0,84,84
393.0,248.0,84,84
395.0,249.0,84,84
397.0,249.0,84,84
400.0,249.0,84,84
402.0,249.0,84,84
405.0,250.0,84,84
409.0,251.0,84,84
412.0,252.0,84,84
414.0,252.0,84,84
416.0,253.0,84,84
418.0,253.0,84,84
420.0,253.0,84,84
423.0,253.0,84,84
425.0,253.0,84,84
427.0,255.0,84,84
429.0,257.0,84,84
431.0,259.0,84,84
433.0,260.0,84,84
436.0,261.0,84,84
438.0,262.0,84,84
438.0,263.0,84,84
439.0,264.0,84,84
439.0,265.0,84,84
440.0,266.0,84,84
442.0,266.0,84,84
443.0,267.0,84,84
445.0,268.0,84,84
448.0,268.0,84,84
450.0,269.0,84,84
451.0,269.0,84,84
453.0,268.0,84,84
454.0,268.0,84,84
455.0,268.0,84,84
457.0,269.0,84,84
458.0,269.0,84,84
458.0,270.0,84,84
459.0,271.0,84,84
459.0,272.0,84,84
460.0,272.0,84,84
461.0,271.0,84,84
462.0,271.0,84,84
463.0,270.0,84,84
464.0,269.0,84,84
465.0,268.0,84,84
467.0,268.0,84,84
468.0,267.0,84,84
470.0,267.0,84,84
470.0,266.0,84,84
471.0,266.0,84,84
471.0,265.0,84,84
472.0,264.0,84,84
473.0,264.0,84,84
474.0,263.0,84,84
474.0,264.0,84,84
475.0,264.0,84,84
475.0,265.0,84,84
474.0,265.0,84,84
474.0,264.0,84,84
473.0,264.0,84,84
474.0,264.0,84,84
474.0,264.0,84,84
475.0,264.0,84,84
476.0,264.0,84,84
476.0,264.0,84,84
477.0,264.0,84,84
476.0,263.0,84,84
476.0,262.0,84,84
475.0,261.0,84,84
474.0,261.0,84,84
474.0,261.0,84,84
473.0,261.0,84,84
471.0,260.0,84,84
470.0,259.0,84,84
468.0,258.0,84,84
467.0,258.0,84,84
465.0,258.0,84,84
464.0,258.0,84,84
462.0,257.0,84,84
461.0,255.0,84,84
459.0,254.0,84,84
459.0,253.0,84,84
458.0,252.0,84,84
458.0,251.0,84,84
458.0,251.0,84,84
457.0,251.0,84,84
457.0,251.0,84,84
455.0,250.0,84,84
454.0,250.0,84,84
452.0,249.0,84,84
451.0,250.0,84,84
449.0,251.0,84,84
448.0,252.0,84,84
447.0,252.0,84,84
446.0,253.0,84,84
445.0,253.0,84,84
444.0,253.0,84,84
443.0,252.0,84,84
442.0,252.0,84,84
442.0,252.0,84,84
443.0,252.0,84,84
443.0,252.0,84,84
445.0,252.0,84,84
447.0,251.0,84,84
449.0,251.0,84,84
458.0,249.0,84,84
466.0,247.0,84,84
475.0,245.0,84,84
487.0,243.0,84,84
500.0,241.0,84,84
512.0,239.0,84,84
526.0,238.0,84,84
539.0,236.0,84,84
553.0,235.0,84,84
567.0,233.0,84,84
582.0,232.0,84,84
596.0,230.0,84,84
608.0,230.0,84,84
619.0,230.0,84,84
631.0,230.0,84,84
641.0,231.0,84,84
651.0,231.0,84,84
661.0,232.0,84,84
668.0,232.0,84,84
674.0,233.0,84,84
681.0,233.0,84,84
686.0,234.0,84,84
692.0,236.0,84,84
697.0,237.0,84,84
700.0,238.0,84,84
703.0,240.0,84,84
706.0,241.0,84,84
705.0,242.0,84,84
705.0,243.0,84,84
704.0,244.0,84,84
703.0,244.0,84,84
702.0,245.0,84,84
701.0,245.0,84,84
700.0,244.0,84,84
699.0,244.0,84,84
698.0,243.0,84,84
697.0,244.0,84,84
697.0,244.0,84,84
696.0,245.0,84,84
695.0,246.0,84,84
694.0,247.0,84,84
693.0,248.0,84,84
692.0,249.0,84,84
692.0,251.0,84,84
691.0,252.0,84,84
691.0,253.0,84,84
690.0,253.0,84,84
690.0,254.0,84,84
689.0,255.0,84,84
688.0,256.0,84,84
687.0,257.0,84,84
685.0,258.0,84,84
684.0,258.0,84,84
682.0,259.0,84,84
682.0,260.0,84,84
681.0,262.0,84,84
681.0,263.0,84,84
679.0,264.0,84,84
678.0,264.0,84,84
676.0,265.0,84,84
676.0,266.0,84,84
677.0,266.0,84,84
677.0,267.0,84,84
676.0,269.0,84,84
675.0,271.0,84,84
674.0,273.0,84,84
673.0,273.0,84,84
671.0,273.0,84,84
670.0,273.0,84,84
669.0,274.0,84,84
667.0,276.0,84,84
666.0,277.0,84,84
666.0,277.0,84,84
666.0,278.0,84,84
666.0,278.0,84,84
664.0,279.0,84,84
663.0,280.0,84,84
661.0,281.0,84,84
661.0,281.0,84,84
660.0,281.0,84,84
660.0,281.0,84,84
659.0,281.0,84,84
658.0,282.0,84,84
657.0,282.0,84,84
656.0,283.0,84,84
654.0,283.0,84,84
653.0,284.0,84,84
651.0,284.0,84,84
648.0,283.0,84,84
646.0,283.0,84,84
645.0,285.0,84,84
645.0,287.0,84,84
644.0,289.0,84,84
643.0,290.0,84,84
641.0,291.0,84,84
640.0,292.0,84,84
639.0,293.0,84,84
637.0,294.0,84,84
636.0,295.0,84,84
634.0,295.0,84,84
632.0,295.0,84,84
630.0,295.0,84,84
629.0,296.0,84,84
627.0,296.0,84,84
626.0,297.0,84,84
623.0,298.0,84,84
619.0,298.0,84,84
616.0,299.0,84,84
615.0,299.0,84,84
614.0,299.0,84,84
613.0,299.0,84,84
611.0,300.0,84,84
609.0,301.0,84,84
607.0,302.0,84,84
606.0,303.0,84,84
605.0,304.0,84,84
604.0,305.0,84,84
603.0,305.0,84,84
601.0,306.0,84,84
600.0,306.0,84,84
597.0,307.0,84,84
594.0,308.0,84,84
591.0,309.0,84,84
589.0,311.0,84,84
588.0,312.0,84,84
586.0,314.0,84,84
584.0,315.0,84,84
582.0,316.0,84,84
580.0,317.0,84,84
578.0,318.0,84,84
576.0,320.0,84,84
574.0,321.0,84,84
572.0,321.0,84,84
571.0,321.0,84,84
569.0,321.0,84,84
567.0,322.0,84,84
564.0,322.0,84,84
562.0,323.0,84,84
559.0,324.0,84,84
557.0,324.0,84,84
554.0,325.0,84,84
553.0,325.0,84,84
553.0,325.0,84,84
552.0,325.0,84,84
554.0,326.0,84,84
556.0,328.0,84,84
558.0,329.0,84,84
559.0,328.0,84,84
561.0,328.0,84,84
562.0,327.0,84,84
565.0,328.0,84,84
567.0,328.0,84,84
570.0,329.0,84,84
573.0,330.0,84,84
575.0,330.0,84,84
578.0,331.0,84,84
583.0,332.0,84,84
587.0,332.0,84,84
592.0,333.0,84,84
597.0,334.0,84,84
602.0,335.0,84,84
607.0,336.0,84,84
612.0,338.0,84,84
617.0,339.0,84,84
622.0,341.0,84,84
627.0,342.0,84,84
632.0,342.0,84,84
637.0,343.0,84,84
642.0,344.0,84,84
647.0,344.0,84,84
652.0,345.0,84,84
657.0,347.0,84,84
661.0,349.0,84,84
666.0,351.0,84,84
670.0,352.0,84,84
675.0,353.0,84,84
679.0,354.0,84,84
682.0,356.0,84,84
686.0,357.0,84,84
689.0,359.0,84,84
692.0,360.0,84,84
696.0,360.0,84,84
699.0,361.0,84,84
701.0,362.0,84,84
704.0,364.0,84,84
706.0,365.0,84,84
707.0,368.0,84,84
709.0,371.0,84,84
710.0,374.0,84,84
712.0,375.0,84,84
714.0,377.0,84,84
716.0,378.0,84,84
718.0,380.0,84,84
720.0,383.0,84,84
722.0,385.0,84,84
724.0,387.0,84,84
725.0,389.0,84,84
727.0,391.0,84,84
729.0,392.0,84,84
730.0,394.0,84,84
732.0,395.0,84,84
734.0,397.0,84,84
736.0,398.0,84,84
738.0,400.0,84,84
739.0,401.0,84,84
741.0,401.0,84,84
742.0,402.0,84,84
744.0,404.0,84,84
745.0,405.0,84,84
747.0,407.0,84,84
749.0,408.0,84,84
752.0,408.0,84,84
754.0,409.0,84,84
757.0,410.0,84,84
759.0,411.0,84,84
762.0,412.0,84,84
764.0,413.0,84,84
765.0,414.0,84,84
767.0,415.0,84,84
768.0,416.0,84,84
768.0,417.0,84,84
769.0,418.0,84,84
769.0,419.0,84,84
769.0,419.0,84,84
769.0,420.0,84,84
767.0,420.0,84,84
766.0,419.0,84,84
764.0,419.0,84,84
762.0,419.0,84,84
761.0,419.0,84,84
759.0,419.0,84,84
757.0,419.0,84,84
754.0,420.0,84,84
752.0,420.0,84,84
749.0,419.0,84,84
745.0,419.0,84,84
742.0,418.0,84,84
737.0,417.0,84,84
733.0,416.0,84,84
728.0,415.0,84,84
724.0,414.0,84,84
721.0,412.0,84,84
717.0,411.0,84,84
713.0,410.0,84,84
708.0,409.0,84,84
704.0,408.0,84,84
701.0,407.0,84,84
699.0,406.0,84,84
696.0,405.0,84,84
695.0,404.0,84,84
694.0,403.0,84,84
693.0,402.0,84,84
695.0,402.0,84,84
697.0,402.0,84,84
699.0,402.0,84,84
702.0,400.0,84,84
704.0,398.0,84,84
707.0,396.0,84,84
710.0,395.0,84,84
714.0,393.0,84,84
717.0,392.0,84,84
721.0,391.0,84,84
726.0,390.0,84,84
730.0,389.0,84,84
733.0,388.0,84,84
736.0,386.0,84,84
739.0,385.0,84,84
742.0,384.0,84,84
744.0,383.0,84,84
747.0,382.0,84,84
749.0,381.0,84,84
752.0,379.0,84,84
754.0,378.0,84,84
755.0,377.0,84,84
756.0,377.0,84,84
757.0,376.0,84,84
757.0,375.0,84,84
758.0,373.0,84,84
758.0,372.0,84,84
757.0,371.0,84,84
755.0,370.0,84,84
754.0,369.0,84,84
752.0,368.0,84,84
751.0,367.0,84,84
749.0,366.0,84,84
747.0,365.0,84,84
744.0,365.0,84,84
742.0,364.0,84,84
741.0,362.0,84,84
739.0,361.0,84,84
738.0,359.0,84,84
735.0,358.0,84,84
733.0,358.0,84,84
730.0,357.0,84,84
727.0,356.0,84,84
724.0,355.0,84,84
721.0,354.0,84,84
719.0,353.0,84,84
718.0,352.0,84,84
716.0,351.0,84,84
715.0,351.0,84,84
713.0,351.0,84,84
712.0,351.0,84,84
712.0,350.0,84,84
711.0,350.0,84,84
711.0,349.0,84,84
711.0,348.0,84,84
711.0,348.0,84,84
711.0,347.0,84,84
711.0,346.0,84,84
712.0,346.0,84,84
712.0,345.0,84,84
713.0,343.0,84,84
713.0,341.0,84,84
714.0,339.0,84,84
715.0,338.0,84,84
717.0,337.0,84,84
718.0,336.0,84,84
719.0,336.0,84,84
719.0,335.0,84,84
720.0,335.0,84,84
721.0,334.0,84,84
723.0,334.0,84,84
724.0,333.0,84,84
725.0,332.0,84,84
726.0,332.0,84,84
727.0,331.0,84,84
727.0,329.0,84,84
727.0,328.0,84,84
727.0,326.0,84,84
728.0,325.0,84,84
728.0,324.0,84,84
729.0,323.0,84,84
730.0,322.0,84,84
731.0,320.0,84,84
732.0,319.0,84,84
732.0,318.0,84,84
732.0,317.0,84,84
732.0,316.0,84,84
733.0,316.0,84,84
735.0,315.0,84,84
736.0,315.0,84,84
736.0,314.0,84,84
736.0,314.0,84,84
736.0,313.0,84,84
737.0,311.0,84,84
737.0,309.0,84,84
738.0,307.0,84,84
739.0,307.0,84,84
739.0,306.0,84,84
740.0,306.0,84,84
741.0,303.0,84,84
743.0,301.0,84,84
744.0,298.0,84,84
746.0,298.0,84,84
749.0,299.0,84,84
751.0,299.0,84,84
755.0,298.0,84,84
758.0,298.0,84,84
762.0,297.0,84,84
765.0,296.0,84,84
769.0,295.0,84,84
772.0,294.0,84,84
776.0,292.0,84,84
780.0,291.0,84,84
784.0,289.0,84,84
787.0,289.0,84,84
791.0,288.0,84,84
794.0,288.0,84,84
797.0,288.0,84,84
801.0,288.0,84,84
804.0,288.0,84,84
806.0,287.0,84,84
809.0,287.0,84,84
811.0,286.0,84,84
812.0,286.0,84,84
812.0,287.0,84,84
813.0,287.0,84,84
815.0,286.0,84,84
818.0,286.0,84,84
820.0,285.0,84,84
822.0,285.0,84,84
825.0,284.0,84,84
827.0,284.0,84,84
829.0,284.0,84,84
832.0,283.0,84,84
834.0,283.0,84,84
837.0,283.0,84,84
840.0,282.0,84,84
843.0,282.0,84,84
848.0,284.0,84,84
852.0,285.0,84,84
857.0,287.0,84,84
859.0,287.0,84,84
862.0,287.0,84,84
864.0,287.0,84,84
868.0,287.0,84,84
873.0,288.0,84,84
877.0,288.0,84,84
881.0,291.0,84,84
885.0,294.0,84,84
889.0,297.0,84,84
892.0,297.0,84,84
895.0,298.0,84,84
898.0,298.0,84,84
902.0,299.0,84,84
905.0,300.0,84,84
909.0,301.0,84,84
912.0,301.0,84,84
915.0,301.0,84,84
918.0,301.0,84,84
917.0,300.0,84,84
915.0,299.0,84,84
914.0,298.0,84,84
910.0,298.0,84,84
906.0,297.0,84,84
902.0,297.0,84,84
897.0,294.0,84,84
892.0,292.0,84,84
887.0,289.0,84,84
880.0,288.0,84,84
874.0,288.0,84,84
867.0,287.0,84,84
861.0,285.0,84,84
854.0,284.0,84,84
848.0,282.0,84,84
842.0,280.0,84,84
835.0,279.0,84,84
829.0,277.0,84,84
824.0,277.0,84,84
818.0,276.0,84,84
813.0,276.0,84,84
810.0,275.0,84,84
806.0,274.0,84,84
803.0,273.0,84,84
802.0,273.0,84,84
801.0,273.0,84,84
800.0,273.0,84,84
802.0,273.0,84,84
805.0,274.0,84,84
807.0,274.0,84,84
810.0,273.0,84,84
814.0,272.0,84,84
817.0,271.0,84,84
821.0,271.0,84,84
825.0,271.0,84,84
829.0,271.0,84,84
833.0,272.0,84,84
838.0,273.0,84,84
842.0,274.0,84,84
846.0,274.0,84,84
850.0,273.0,84,84
854.0,273.0,84,84
856.0,274.0,84,84
859.0,274.0,84,84
861.0,275.0,84,84
864.0,274.0,84,84
868.0,274.0,84,84
871.0,273.0,84,84
872.0,274.0,84,84
873.0,274.0,84,84
874.0,275.0,84,84
873.0,275.0,84,84
873.0,274.0,84,84
872.0,274.0,84,84
871.0,274.0,84,84
870.0,274.0,84,84
869.0,274.0,84,84
867.0,274.0,84,84
864.0,273.0,84,84
862.0,273.0,84,84
861.0,271.0,84,84
859.0,270.0,84,84
858.0,268.0,84,84
855.0,267.0,84,84
852.0,267.0,84,84
849.0,266.0,84,84
849.0,265.0,84,84
849.0,265.0,84,84
849.0,264.0,84,84
849.0,263.0,84,84
849.0,262.0,84,84
849.0,261.0,84,84
850.0,262.0,84,84
850.0,262.0,84,84
851.0,263.0,84,84
851.0,261.0,84,84
852.0,259.0,84,84
852.0,257.0,84,84
853.0,257.0,84,84
855.0,256.0,84,84
856.0,256.0,84,84
858.0,255.0,84,84
860.0,254.0,84,84
862.0,253.0,84,84
864.0,254.0,84,84
866.0,255.0,84,84
868.0,256.0,84,84
871.0,255.0,84,84
874.0,255.0,84,84
877.0,254.0,84,84
879.0,255.0,84,84
881.0,257.0,84,84
883.0,258.0,84,84
885.0,257.0,84,84
888.0,255.0,84,84
890.0,254.0,84,84
892.0,255.0,84,84
894.0,255.0,84,84
896.0,256.0,84,84
898.0,255.0,84,84
899.0,254.0,84,84
901.0,253.0,84,84
904.0,253.0,84,84
908.0,252.0,84,84
911.0,252.0,84,84
913.0,252.0,84,84
915.0,252.0,84,84
917.0,252.0,84,84
918.0,251.0,84,84
920.0,250.0,84,84
921.0,249.0,84,84
921.0,248.0,84,84
921.0,247.0,84,84
921.0,246.0,84,84
920.0,244.0,84,84
919.0,241.0,84,84
918.0,239.0,84,84
915.0,238.0,84,84
912.0,238.0,84,84
909.0,237.0,84,84
906.0,236.0,84,84
904.0,235.0,84,84
901.0,234.0,84,84
896.0,233.0,84,84
892.0,231.0,84,84
887.0,230.0,84,84
883.0,228.0,84,84
880.0,227.0,84,84
876.0,225.0,84,84
872.0,223.0,84,84
867.0,220.0,84,84
863.0,218.0,84,84
860.0,217.0,84,84
856.0,216.0,84,84
853.0,215.0,84,84
849.0,214.0,84,84
846.0,214.0,84,84
842.0,213.0,84,84
839.0,213.0,84,84
835.0,212.0,84,84
832.0,212.0,84,84
829.0,211.0,84,84
825.0,210.0,84,84
822.0,209.0,84,84
818.0,208.0,84,84
815.0,207.0,84,84
811.0,206.0,84,84
808.0,205.0,84,84
804.0,205.0,84,84
801.0,204.0,84,84
798.0,204.0,84,84
796.0,204.0,84,84
793.0,204.0,84,84
789.0,204.0,84,84
786.0,205.0,84,84
782.0,205.0,84,84
778.0,205.0,84,84
775.0,205.0,84,84
771.0,205.0,84,84
766.0,206.0,84,84
762.0,206.0,84,84
757.0,207.0,84,84
753.0,208.0,84,84
748.0,208.0,84,84
744.0,209.0,84,84
741.0,209.0,84,84
737.0,209.0,84,84
734.0,209.0,84,84
730.0,210.0,84,84
727.0,211.0,84,84
723.0,212.0,84,84
722.0,214.0,84,84
721.0,217.0,84,84
720.0,219.0,84,84
720.0,220.0,84,84
720.0,221.0,84,84
720.0,222.0,84,84
720.0,224.0,84,84
721.0,226.0,84,84
721.0,228.0,84,84
723.0,229.0,84,84
724.0,229.0,84,84
726.0,230.0,84,84
727.0,234.0,84,84
727.0,237.0,84,84
728.0,241.0,84,84
732.0,243.0,84,84
736.0,244.0,84,84
740.0,246.0,84,84
742.0,248.0,84,84
745.0,251.0,84,84
747.0,253.0,84,84
750.0,255.0,84,84
753.0,256.0,84,84
756.0,258.0,84,84
757.0,259.0,84,84
757.0,260.0,84,84
758.0,261.0,84,84
760.0,262.0,84,84
762.0,262.0,84,84
764.0,263.0,84,84
766.0,264.0,84,84
768.0,266.0,84,84
770.0,267.0,84,84
771.0,268.0,84,84
773.0,270.0,84,84
774.0,271.0,84,84
775.0,272.0,84,84
777.0,272.0,84,84
778.0,273.0,84,84
780.0,274.0,84,84
782.0,274.0,84,84
784.0,275.0,84,84
786.0,275.0,84,84
789.0,274.0,84,84
791.0,274.0,84,84
793.0,274.0,84,84
796.0,274.0,84,84
798.0,274.0,84,84
800.0,276.0,84,84
802.0,277.0,84,84
804.0,279.0,84,84
806.0,279.0,84,84
809.0,279.0,84,84
811.0,279.0,84,84
813.0,280.0,84,84
815.0,281.0,84,84
817.0,282.0,84,84
819.0,282.0,84,84
821.0,281.0,84,84
823.0,281.0,84,84
827.0,280.0,84,84
830.0,279.0,84,84
834.0,278.0,84,84
837.0,278.0,84,84
839.0,279.0,84,84
842.0,279.0,84,84
845.0,279.0,84,84
848.0,279.0,84,84
851.0,279.0,84,84
854.0,280.0,84,84
856.0,280.0,84,84
859.0,281.0,84,84
860.0,280.0,84,84
862.0,279.0,84,84
863.0,278.0,84,84
864.0,277.0,84,84
864.0,275.0,84,84
865.0,274.0,84,84
866.0,274.0,84,84
867.0,274.0,84,84
868.0,274.0,84,84
867.0,272.0,84,84
867.0,271.0,84,84
866.0,269.0,84,84
865.0,269.0,84,84
863.0,269.0,84,84
862.0,269.0,84,84
859.0,268.0,84,84
855.0,266.0,84,84
852.0,265.0,84,84
850.0,264.0,84,84
848.0,263.0,84,84
846.0,262.0,84,84
842.0,260.0,84,84
837.0,257.0,84,84
833.0,255.0,84,84
831.0,255.0,84,84
828.0,254.0,84,84
826.0,254.0,84,84
824.0,253.0,84,84
821.0,253.0,84,84
819.0,252.0,84,84
817.0,251.0,84,84
815.0,249.0,84,84
813.0,248.0,84,84
810.0,247.0,84,84
807.0,245.0,84,84
804.0,244.0,84,84
802.0,243.0,84,84
799.0,243.0,84,84
797.0,242.0,84,84
794.0,241.0,84,84
792.0,240.0,84,84
789.0,239.0,84,84
787.0,238.0,84,84
786.0,238.0,84,84
784.0,237.0,84,84
782.0,237.0,84,84
779.0,236.0,84,84
777.0,236.0,84,84
775.0,236.0,84,84
772.0,235.0,84,84
770.0,235.0,84,84
767.0,235.0,84,84
765.0,234.0,84,84
762.0,234.0,84,84
760.0,233.0,84,84
759.0,231.0,84,84
757.0,230.0,84,84
755.0,231.0,84,84
753.0,231.0,84,84
751.0,232.0,84,84
749.0,231.0,84,84
746.0,230.0,84,84
744.0,229.0,84,84
743.0,229.0,84,84
741.0,230.0,84,84
740.0,230.0,84,84
738.0,229.0,84,84
736.0,229.0,84,84
734.0,228.0,84,84
732.0,228.0,84,84
729.0,228.0,84,84
727.0,228.0,84,84
725.0,227.0,84,84
722.0,225.0,84,84
720.0,224.0,84,84
718.0,225.0,84,84
716.0,226.0,84,84
714.0,227.0,84,84
712.0,226.0,84,84
710.0,226.0,84,84
708.0,225.0,84,84
706.0,226.0,84,84
705.0,226.0,84,84
703.0,227.0,84,84
700.0,226.0,84,84
696.0,226.0,84,84
693.0,225.0,84,84
692.0,225.0,84,84
690.0,225.0,84,84
689.0,225.0,84,84
686.0,224.0,84,84
682.0,224.0,84,84
679.0,223.0,84,84
677.0,223.0,84,84
674.0,223.0,84,84
672.0,223.0,84,84
670.0,223.0,84,84
668.0,222.0,84,84
666.0,222.0,84,84
664.0,222.0,84,84
661.0,223.0,84,84
659.0,223.0,84,84
657.0,222.0,84,84
654.0,222.0,84,84
652.0,221.0,84,84
651.0,220.0,84,84
649.0,220.0,84,84
648.0,219.0,84,84
646.0,219.0,84,84
644.0,218.0,84,84
642.0,218.0,84,84
639.0,218.0,84,84
637.0,218.0,84,84
634.0,218.0,84,84
633.0,218.0,84,84
632.0,219.0,84,84
631.0,219.0,84,84
628.0,219.0,84,84
626.0,218.0,84,84
623.0,218.0,84,84
621.0,218.0,84,84
620.0,217.0,84,84
618.0,217.0,84,84
616.0,216.0,84,84
614.0,214.0,84,84
612.0,213.0,84,84
610.0,212.0,84,84
608.0,212.0,84,84
606.0,211.0,84,84
603.0,210.0,84,84
600.0,210.0,84,84
597.0,209.0,84,84
595.0,210.0,84,84
594.0,210.0,84,84
592.0,211.0,84,84
590.0,209.0,84,84
588.0,208.0,84,84
586.0,206.0,84,84
583.0,206.0,84,84
580.0,206.0,84,84
577.0,206.0,84,84
575.0,204.0,84,84
572.0,201.0,84,84
570.0,199.0,84,84
568.0,199.0,84,84
565.0,199.0,84,84
563.0,199.0,84,84
561.0,199.0,84,84
558.0,199.0,84,84
556.0,199.0,84,84
553.0,198.0,84,84
550.0,198.0,84,84
547.0,197.0,84,84
544.0,197.0,84,84
542.0,197.0,84,84
539.0,197.0,84,84
536.0,197.0,84,84
534.0,196.0,84,84
531.0,196.0,84,84
529.0,195.0,84,84
526.0,195.0,84,84
524.0,194.0,84,84
522.0,194.0,84,84
519.0,193.0,84,84
517.0,193.0,84,84
515.0,194.0,84,84
514.0,194.0,84,84
512.0,195.0,84,84
512.0,195.0,84,84
513.0,194.0,84,84
513.0,194.0,84,84
514.0,194.0,84,84
515.0,193.0,84,84
516.0,193.0,84,84
518.0,192.0,84,84
519.0,190.0,84,84
521.0,189.0,84,84
523.0,190.0,84,84
524.0,191.0,84,84
526.0,192.0,84,84
528.0,192.0,84,84
531.0,192.0,84,84
533.0,192.0,84,84
535.0,192.0,84,84
538.0,192.0,84,84
540.0,192.0,84,84
543.0,191.0,84,84
545.0,191.0,84,84
548.0,190.0,84,84
549.0,190.0,84,84
551.0,189.0,84,84
552.0,189.0,84,84
553.0,189.0,84,84
555.0,189.0,84,84
556.0,189.0,84,84
557.0,189.0,84,84
558.0,190.0,84,84
559.0,190.0,84,84
561.0,192.0,84,84
564.0,193.0,84,84
566.0,195.0,84,84
566.0,196.0,84,84
566.0,197.0,84,84
566.0,198.0,84,84
566.0,199.0,84,84
567.0,201.0,84,84
567.0,202.0,84,84
567.0,202.0,84,84
568.0,202.0,84,84
568.0,202.0,84,84
569.0,202.0,84,84
571.0,203.0,84,84
572.0,203.0,84,84
573.0,204.0,84,84
573.0,205.0,84,84
574.0,206.0,84,84
576.0,208.0,84,84
578.0,210.0,84,84
580.0,212.0,84,84
581.0,212.0,84,84
581.0,213.0,84,84
582.0,213.0,84,84
584.0,213.0,84,84
587.0,213.0,84,84
589.0,213.0,84,84
592.0,214.0,84,84
595.0,215.0,84,84
598.0,216.0,84,84
601.0,216.0,84,84
603.0,216.0,84,84
606.0,216.0,84,84
608.0,218.0,84,84
609.0,220.0,84,84
611.0,222.0,84,84
614.0,221.0,84,84
617.0,220.0,84,84
620.0,219.0,84,84
622.0,221.0,84,84
624.0,223.0,84,84
626.0,225.0,84,84
628.0,225.0,84,84
629.0,225.0,84,84
631.0,225.0,84,84
633.0,225.0,84,84
634.0,224.0,84,84
636.0,224.0,84,84
637.0,224.0,84,84
638.0,225.0,84,84
639.0,225.0,84,84
639.0,224.0,84,84
640.0,224.0,84,84
640.0,223.0,84,84
640.0,224.0,84,84
640.0,224.0,84,84
640.0,225.0,84,84
639.0,225.0,84,84
638.0,225.0,84,84
637.0,225.0,84,84
637.0,225.0,84,84
638.0,225.0,84,84
638.0,225.0,84,84
637.0,224.0,84,84
635.0,222.0,84,84
634.0,221.0,84,84
635.0,221.0,84,84
635.0,222.0,84,84
636.0,222.0,84,84
635.0,221.0,84,84
634.0,220.0,84,84
633.0,219.0,84,84
634.0,218.0,84,84
636.0,217.0,84,84
637.0,216.0,84,84
639.0,216.0,84,84
642.0,216.0,84,84
644.0,216.0,84,84
645.0,214.0,84,84
645.0,213.0,84,84
646.0,211.0,84,84
647.0,211.0,84,84
649.0,211.0,84,84
650.0,211.0,84,84
651.0,209.0,84,84
651.0,207.0,84,84
652.0,205.0,84,84
653.0,204.0,84,84
655.0,203.0,84,84
656.0,202.0,84,84
655.0,201.0,84,84
654.0,200.0,84,84
653.0,199.0,84,84
652.0,199.0,84,84
650.0,198.0,84,84
649.0,198.0,84,84
648.0,197.0,84,84
647.0,196.0,84,84
646.0,195.0,84,84
644.0,193.0,84,84
642.0,192.0,84,84
640.0,190.0,84,84
638.0,189.0,84,84
636.0,188.0,84,84
634.0,187.0,84,84
633.0,188.0,84,84
632.0,188.0,84,84
631.0,189.0,84,84
628.0,189.0,84,84
626.0,189.0,84,84
623.0,189.0,84,84
621.0,189.0,84,84
618.0,189.0,84,84
616.0,189.0,84,84
615.0,189.0,84,84
614.0,190.0,84,84
613.0,190.0,84,84
612.0,190.0,84,84
611.0,189.0,84,84
610.0,189.0,84,84
609.0,189.0,84,84
609.0,190.0,84,84
608.0,190.0,84,84
606.0,190.0,84,84
604.0,190.0,84,84
602.0,190.0,84,84
602.0,192.0,84,84
603.0,194.0,84,84
603.0,196.0,84,84
603.0,196.0,84,84
604.0,197.0,84,84
604.0,197.0,84,84
606.0,197.0,84,84
608.0,196.0,84,84
610.0,196.0,84,84
611.0,196.0,84,84
611.0,197.0,84,84
612.0,197.0,84,84
613.0,198.0,84,84
613.0,198.0,84,84
614.0,199.0,84,84
615.0,199.0,84,84
616.0,200.0,84,84
617.0,200.0,84,84
619.0,201.0,84,84
620.0,201.0,84,84
622.0,202.0,84,84
623.0,201.0,84,84
625.0,200.0,84,84
626.0,199.0,84,84
627.0,200.0,84,84
629.0,201.0,84,84
630.0,202.0,84,84
632.0,203.0,84,84
635.0,204.0,84,84
637.0,205.0,84,84
637.0,204.0,84,84
636.0,204.0,84,84
636.0,203.0,84,84
635.0,204.0,84,84
634.0,205.0,84,84
633.0,206.0,84,84
632.0,207.0,84,84
630.0,208.0,84,84
629.0,209.0,84,84
626.0,210.0,84,84
624.0,210.0,84,84
621.0,211.0,84,84
619.0,211.0,84,84
618.0,211.0,84,84
616.0,211.0,84,84
615.0,212.0,84,84
613.0,212.0,84,84
612.0,213.0,84,84
609.0,214.0,84,84
605.0,214.0,84,84
602.0,215.0,84,84
600.0,216.0,84,84
598.0,217.0,84,84
596.0,218.0,84,84
594.0,219.0,84,84
593.0,221.0,84,84
591.0,222.0,84,84
589.0,222.0,84,84
586.0,221.0,84,84
584.0,221.0,84,84
582.0,221.0,84,84
579.0,222.0,84,84
577.0,222.0,84,84
574.0,223.0,84,84
572.0,224.0,84,84
569.0,225.0,84,84
567.0,226.0,84,84
564.0,227.0,84,84
562.0,228.0,84,84
559.0,229.0,84,84
557.0,231.0,84,84
554.0,232.0,84,84
552.0,233.0,84,84
551.0,233.0,84,84
549.0,234.0,84,84
546.0,235.0,84,84
543.0,235.0,84,84
540.0,236.0,84,84
538.0,237.0,84,84
536.0,237.0,84,84
534.0,238.0,84,84
532.0,240.0,84,84
531.0,241.0,84,84
529.0,243.0,84,84
527.0,243.0,84,84
525.0,243.0,84,84
523.0,243.0,84,84
522.0,245.0,84,84
520.0,247.0,84,84
519.0,249.0,84,84
517.0,249.0,84,84
516.0,248.0,84,84
514.0,248.0,84,84
513.0,250.0,84,84
513.0,251.0,84,84
512.0,253.0,84,84
515.0,253.0,84,84
517.0,254.0,84,84
520.0,254.0,84,84
523.0,255.0,84,84
525.0,256.0,84,84
528.0,257.0,84,84
533.0,257.0,84,84
537.0,256.0,84,84
542.0,256.0,84,84
546.0,256.0,84,84
549.0,257.0,84,84
553.0,257.0,84,84
556.0,257.0,84,84
560.0,258.0,84,84
563.0,258.0,84,84
568.0,258.0,84,84
573.0,258.0,84,84
578.0,258.0,84,84
580.0,259.0,84,84
582.0,261.0,84,84
584.0,262.0,84,84
587.0,264.0,84,84
590.0,265.0,84,84
593.0,267.0,84,84
598.0,268.0,84,84
602.0,268.0,84,84
607.0,269.0,84,84
609.0,270.0,84,84
611.0,270.0,84,84
613.0,271.0,84,84
614.0,272.0,84,84
615.0,274.0,84,84
616.0,275.0,84,84
618.0,275.0,84,84
619.0,276.0,84,84
621.0,276.0,84,84
621.0,277.0,84,84
622.0,277.0,84,84
622.0,278.0,84,84
623.0,279.0,84,84
623.0,280.0,84,84
624.0,281.0,84,84
625.0,282.0,84,84
625.0,282.0,84,84
626.0,283.0,84,84
627.0,283.0,84,84
627.0,283.0,84,84
628.0,283.0,84,84
628.0,283.0,84,84
627.0,284.0,84,84
627.0,284.0,84,84
627.0,285.0,84,84
627.0,285.0,84,84
627.0,286.0,84,84
625.0,287.0,84,84
624.0,288.0,84,84
622.0,289.0,84,84
622.0,290.0,84,84
621.0,291.0,84,84
621.0,292.0,84,84
620.0,293.0,84,84
620.0,293.0,84,84
619.0,294.0,84,84
619.0,294.0,84,84
619.0,295.0,84,84
619.0,295.0,84,84
618.0,296.0,84,84
618.0,296.0,84,84
617.0,297.0,84,84
616.0,298.0,84,84
614.0,298.0,84,84
613.0,299.0,84,84
613.0,300.0,84,84
612.0,300.0,84,84
612.0,301.0,84,84
614.0,301.0,84,84
615.0,302.0,84,84
617.0,302.0,84,84
617.0,302.0,84,84
618.0,301.0,84,84
618.0,301.0,84,84
618.0,302.0,84,84
617.0,302.0,84,84
617.0,303.0,84,84
618.0,303.0,84,84
619.0,304.0,84,84
620.0,304.0,84,84
620.0,305.0,84,84
621.0,306.0,84,84
621.0,307.0,84,84
620.0,308.0,84,84
618.0,310.0,84,84
617.0,311.0,84,84
617.0,312.0,84,84
618.0,313.0,84,84
618.0,314.0,84,84
615.0,314.0,84,84
613.0,315.0,84,84
610.0,315.0,84,84
607.0,316.0,84,84
605.0,318.0,84,84
602.0,319.0,84,84
600.0,319.0,84,84
598.0,318.0,84,84
596.0,318.0,84,84
592.0,320.0,84,84
588.0,321.0,84,84
584.0,323.0,84,84
581.0,324.0,84,84
577.0,326.0,84,84
574.0,327.0,84,84
574.0,328.0,84,84
573.0,330.0,84,84
573.0,331.0,84,84
570.0,331.0,84,84
567.0,331.0,84,84
564.0,331.0,84,84
560.0,331.0,84,84
557.0,331.0,84,84
553.0,331.0,84,84
551.0,331.0,84,84
549.0,331.0,84,84
547.0,331.0,84,84
543.0,333.0,84,84
540.0,335.0,84,84
536.0,337.0,84,84
533.0,338.0,84,84
529.0,338.0,84,84
526.0,339.0,84,84
523.0,341.0,84,84
521.0,342.0,84,84
518.0,344.0,84,84
515.0,344.0,84,84
512.0,345.0,84,84
509.0,345.0,84,84
506.0,345.0,84,84
503.0,346.0,84,84
500.0,346.0,84,84
499.0,346.0,84,84
498.0,347.0,84,84
497.0,347.0,84,84
495.0,348.0,84,84
494.0,348.0,84,84
492.0,349.0,84,84
492.0,350.0,84,84
493.0,350.0,84,84
493.0,351.0,84,84
493.0,350.0,84,84
494.0,349.0,84,84
494.0,348.0,84,84
497.0,348.0,84,84
500.0,348.0,84,84
503.0,348.0,84,84
505.0,347.0,84,84
508.0,345.0,84,84
510.0,344.0,84,84
514.0,344.0,84,84
519.0,343.0,84,84
523.0,343.0,84,84
526.0,343.0,84,84
529.0,342.0,84,84
532.0,342.0,84,84
536.0,342.0,84,84
540.0,342.0,84,84
544.0,342.0,84,84
547.0,342.0,84,84
551.0,342.0,84,84
554.0,342.0,84,84
556.0,341.0,84,84
557.0,340.0,84,84
559.0,339.0,84,84
563.0,338.0,84,84
566.0,336.0,84,84
570.0,335.0,84,84
574.0,334.0,84,84
577.0,333.0,84,84
581.0,332.0,84,84
585.0,332.0,84,84
588.0,332.0,84,84
592.0,332.0,84,84
595.0,333.0,84,84
599.0,334.0,84,84
602.0,335.0,84,84
607.0,334.0,84,84
611.0,334.0,84,84
616.0,333.0,84,84
620.0,332.0,84,84
623.0,332.0,84,84
627.0,331.0,84,84
630.0,333.0,84,84
633.0,334.0,84,84
636.0,336.0,84,84
639.0,338.0,84,84
641.0,339.0,84,84
644.0,341.0,84,84
647.0,341.0,84,84
651.0,342.0,84,84
654.0,342.0,84,84
657.0,344.0,84,84
660.0,345.0,84,84
663.0,347.0,84,84
665.0,349.0,84,84
667.0,351.0,84,84
669.0,353.0,84,84
669.0,353.0,84,84
668.0,352.0,84,84
668.0,352.0,84,84
668.0,352.0,84,84
668.0,353.0,84,84
668.0,353.0,84,84
668.0,354.0,84,84
669.0,356.0,84,84
669.0,357.0,84,84
670.0,358.0,84,84
670.0,360.0,84,84
671.0,361.0,84,84
670.0,362.0,84,84
670.0,362.0,84,84
669.0,363.0,84,84
668.0,364.0,84,84
668.0,364.0,84,84
667.0,365.0,84,84
665.0,366.0,84,84
662.0,367.0,84,84
660.0,368.0,84,84
658.0,368.0,84,84
655.0,369.0,84,84
653.0,369.0,84,84
652.0,371.0,84,84
651.0,374.0,84,84
650.0,376.0,84,84
649.0,378.0,84,84
649.0,381.0,84,84
648.0,383.0,84,84
646.0,385.0,84,84
645.0,387.0,84,84
643.0,389.0,84,84
640.0,390.0,84,84
637.0,390.0,84,84
634.0,391.0,84,84
632.0,391.0,84,84
629.0,392.0,84,84
627.0,392.0,84,84
625.0,394.0,84,84
624.0,395.0,84,84
622.0,397.0,84,84
618.0,399.0,84,84
615.0,400.0,84,84
611.0,402.0,84,84
609.0,403.0,84,84
608.0,404.0,84,84
606.0,405.0,84,84
604.0,406.0,84,84
602.0,407.0,84,84
600.0,408.0,84,84
598.0,410.0,84,84
595.0,412.0,84,84
593.0,414.0,84,84
588.0,414.0,84,84
583.0,415.0,84,84
578.0,415.0,84,84
576.0,417.0,84,84
574.0,418.0,84,84
572.0,420.0,84,84
569.0,422.0,84,84
566.0,424.0,84,84
563.0,426.0,84,84
561.0,427.0,84,84
559.0,429.0,84,84
557.0,430.0,84,84
556.0,432.0,84,84
554.0,435.0,84,84
553.0,437.0,84,84
552.0,437.0,84,84
552.0,437.0,84,84
551.0,437.0,84,84
549.0,439.0,84,84
548.0,442.0,84,84
546.0,444.0,84,84
545.0,444.0,84,84
544.0,444.0,84,84
543.0,444.0,84,84
542.0,446.0,84,84
540.0,448.0,84,84
539.0,450.0,84,84
539.0,451.0,84,84
540.0,451.0,84,84
540.0,452.0,84,84
541.0,452.0,84,84
541.0,453.0,84,84
542.0,453.0,84,84
542.0,453.0,84,84
541.0,454.0,84,84
541.0,454.0,84,84
543.0,454.0,84,84
545.0,455.0,84,84
547.0,455.0,84,84
546.0,455.0,84,84
545.0,456.0,84,84
544.0,456.0,84,84
545.0,459.0,84,84
546.0,461.0,84,84
547.0,464.0,84,84
546.0,465.0,84,84
544.0,465.0,84,84
543.0,466.0,84,84
542.0,466.0,84,84
542.0,465.0,84,84
541.0,465.0,84,84
541.0,465.0,84,84
542.0,466.0,84,84
542.0,466.0,84,84
539.0,467.0,84,84
537.0,467.0,84,84
534.0,468.0,84,84
532.0,468.0,84,84
531.0,468.0,84,84
529.0,468.0,84,84
526.0,468.0,84,84
524.0,469.0,84,84
521.0,469.0,84,84
518.0,469.0,84,84
516.0,468.0,84,84
513.0,468.0,84,84
510.0,467.0,84,84
507.0,465.0,84,84
504.0,464.0,84,84
501.0,463.0,84,84
497.0,461.0,84,84
494.0,460.0,84,84
490.0,460.0,84,84
485.0,460.0,84,84
481.0,460.0,84,84
477.0,459.0,84,84
474.0,459.0,84,84
470.0,458.0,84,84
467.0,458.0,84,84
463.0,457.0,84,84
460.0,457.0,84,84
457.0,456.0,84,84
455.0,456.0,84,84
452.0,455.0,84,84
448.0,454.0,84,84
445.0,453.0,84,84
441.0,452.0,84,84
439.0,450.0,84,84
436.0,447.0,84,84
434.0,445.0,84,84
434.0,443.0,84,84
433.0,441.0,84,84
433.0,439.0,84,84
434.0,437.0,84,84
434.0,435.0,84,84
435.0,433.0,84,84
441.0,431.0,84,84
447.0,430.0,84,84
453.0,428.0,84,84
457.0,424.0,84,84
461.0,419.0,84,84
465.0,415.0,84,84
469.0,413.0,84,84
473.0,411.0,84,84
477.0,409.0,84,84
483.0,405.0,84,84
488.0,402.0,84,84
494.0,398.0,84,84
497.0,396.0,84,84
501.0,393.0,84,84
504.0,391.0,84,84
506.0,389.0,84,84
508.0,388.0,84,84
510.0,386.0,84,84
509.0,385.0,84,84
509.0,383.0,84,84
508.0,382.0,84,84
508.0,382.0,84,84
508.0,382.0,84,84
508.0,382.0,84,84
506.0,380.0,84,84
503.0,377.0,84,84
501.0,375.0,84,84
498.0,373.0,84,84
496.0,370.0,84,84
493.0,368.0,84,84
490.0,367.0,84,84
488.0,367.0,84,84
485.0,366.0,84,84
483.0,365.0,84,84
482.0,364.0,84,84
480.0,363.0,84,84
478.0,362.0,84,84
477.0,360.0,84,84
475.0,359.0,84,84
476.0,357.0,84,84
476.0,355.0,84,84
477.0,353.0,84,84
481.0,350.0,84,84
484.0,348.0,84,84
488.0,345.0,84,84
491.0,342.0,84,84
494.0,340.0,84,84
497.0,337.0,84,84
503.0,335.0,84,84
508.0,333.0,84,84
514.0,331.0,84,84
520.0,328.0,84,84
527.0,326.0,84,84
533.0,323.0,84,84
538.0,321.0,84,84
543.0,319.0,84,84
548.0,317.0,84,84
553.0,314.0,84,84
558.0,312.0,84,84
563.0,309.0,84,84
567.0,306.0,84,84
572.0,304.0,84,84
576.0,301.0,84,84
581.0,299.0,84,84
587.0,297.0,84,84
592.0,295.0,84,84
597.0,293.0,84,84
602.0,291.0,84,84
607.0,289.0,84,84
611.0,288.0,84,84
615.0,286.0,84,84
619.0,285.0,84,84
622.0,282.0,84,84
625.0,280.0,84,84
628.0,277.0,84,84
632.0,276.0,84,84
636.0,274.0,84,84
640.0,273.0,84,84
643.0,271.0,84,84
647.0,270.0,84,84
650.0,268.0,84,84
654.0,266.0,84,84
658.0,265.0,84,84
662.0,263.0,84,84
667.0,263.0,84,84
673.0,262.0,84,84
678.0,262.0,84,84
682.0,261.0,84,84
686.0,260.0,84,84
690.0,259.0,84,84
695.0,258.0,84,84
699.0,258.0,84,84
704.0,257.0,84,84
707.0,256.0,84,84
710.0,254.0,84,84
713.0,253.0,84,84
715.0,253.0,84,84
718.0,252.0,84,84
720.0,252.0,84,84
721.0,251.0,84,84
721.0,249.0,84,84
722.0,248.0,84,84
719.0,247.0,84,84
717.0,247.0,84,84
714.0,246.0,84,84
712.0,245.0,84,84
709.0,245.0,84,84
707.0,244.0,84,84
703.0,243.0,84,84
698.0,243.0,84,84
694.0,242.0,84,84
691.0,242.0,84,84
687.0,241.0,84,84
684.0,241.0,84,84
680.0,241.0,84,84
676.0,241.0,84,84
672.0,241.0,84,84
669.0,241.0,84,84
665.0,241.0,84,84
662.0,241.0,84,84
658.0,241.0,84,84
654.0,242.0,84,84
650.0,242.0,84,84
646.0,243.0,84,84
643.0,245.0,84,84
639.0,246.0,84,84
635.0,246.0,84,84
630.0,246.0,84,84
626.0,246.0,84,84
624.0,247.0,84,84
621.0,248.0,84,84
619.0,249.0,84,84
618.0,249.0,84,84
618.0,248.0,84,84
617.0,248.0,84,84
617.0,250.0,84,84
616.0,252.0,84,84
616.0,254.0,84,84
617.0,256.0,84,84
618.0,257.0,84,84
619.0,259.0,84,84
619.0,261.0,84,84
618.0,262.0,84,84
618.0,264.0,84,84
618.0,265.0,84,84
619.0,266.0,84,84
619.0,267.0,84,84
620.0,268.0,84,84
620.0,270.0,84,84
621.0,271.0,84,84
621.0,272.0,84,84
621.0,274.0,84,84
621.0,275.0,84,84
622.0,276.0,84,84
622.0,278.0,84,84
623.0,279.0,84,84
623.0,282.0,84,84
624.0,286.0,84,84
624.0,289.0,84,84
624.0,290.0,84,84
624.0,292.0,84,84
624.0,293.0,84,84
623.0,294.0,84,84
623.0,295.0,84,84
622.0,296.0,84,84
620.0,298.0,84,84
619.0,301.0,84,84
617.0,303.0,84,84
617.0,304.0,84,84
617.0,306.0,84,84
617.0,307.0,84,84
616.0,309.0,84,84
615.0,310.0,84,84
614.0,312.0,84,84
614.0,314.0,84,84
614.0,315.0,84,84
614.0,317.0,84,84
613.0,318.0,84,84
612.0,320.0,84,84
611.0,321.0,84,84
611.0,322.0,84,84
610.0,323.0,84,84
610.0,324.0,84,84
610.0,326.0,84,84
610.0,327.0,84,84
610.0,329.0,84,84
610.0,330.0,84,84
610.0,330.0,84,84
610.0,331.0,84,84
609.0,331.0,84,84
608.0,332.0,84,84
607.0,332.0,84,84
607.0,334.0,84,84
606.0,335.0,84,84
606.0,337.0,84,84
606.0,338.0,84,84
606.0,340.0,84,84
606.0,341.0,84,84
605.0,341.0,84,84
603.0,341.0,84,84
602.0,341.0,84,84
602.0,340.0,84,84
601.0,340.0,84,84
601.0,339.0,84,84
601.0,340.0,84,84
602.0,342.0,84,84
602.0,343.0,84,84
602.0,343.0,84,84
602.0,343.0,84,84
602.0,343.0,84,84
602.0,343.0,84,84
602.0,344.0,84,84
602.0,344.0,84,84
601.0,345.0,84,84
599.0,345.0,84,84
598.0,346.0,84,84
599.0,346.0,84,84
599.0,346.0,84,84
600.0,346.0,84,84
600.0,345.0,84,84
599.0,344.0,84,84
599.0,343.0,84,84
598.0,343.0,84,84
597.0,343.0,84,84
596.0,343.0,84,84
595.0,342.0,84,84
595.0,340.0,84,84
594.0,339.0,84,84
592.0,339.0,84,84
591.0,338.0,84,84
589.0,338.0,84,84
588.0,339.0,84,84
588.0,340.0,84,84
587.0,341.0,84,84
587.0,340.0,84,84
586.0,339.0,84,84
586.0,338.0,84,84
585.0,338.0,84,84
584.0,337.0,84,84
583.0,337.0,84,84
583.0,336.0,84,84
582.0,336.0,84,84
582.0,335.0,84,84
582.0,334.0,84,84
583.0,332.0,84,84
583.0,331.0,84,84
583.0,330.0,84,84
584.0,330.0,84,84
584.0,329.0,84,84
586.0,328.0,84,84
587.0,328.0,84,84
589.0,327.0,84,84
591.0,328.0,84,84
592.0,328.0,84,84
594.0,329.0,84,84
596.0,328.0,84,84
598.0,326.0,84,84
600.0,325.0,84,84
603.0,324.0,84,84
606.0,324.0,84,84
609.0,323.0,84,84
611.0,321.0,84,84
612.0,320.0,84,84
614.0,318.0,84,84
616.0,318.0,84,84
619.0,317.0,84,84
621.0,317.0,84,84
623.0,317.0,84,84
624.0,317.0,84,84
626.0,317.0,84,84
628.0,316.0,84,84
630.0,316.0,84,84
632.0,315.0,84,84
635.0,315.0,84,84
637.0,316.0,84,84
640.0,316.0,84,84
642.0,316.0,84,84
644.0,316.0,84,84
646.0,316.0,84,84
647.0,316.0,84,84
648.0,315.0,84,84
649.0,315.0,84,84
652.0,314.0,84,84
656.0,313.0,84,84
659.0,312.0,84,84
661.0,312.0,84,84
662.0,313.0,84,84
664.0,313.0,84,84
666.0,313.0,84,84
669.0,313.0,84,84
671.0,313.0,84,84
674.0,313.0,84,84
677.0,313.0,84,84
680.0,313.0,84,84
683.0,313.0,84,84
687.0,314.0,84,84
690.0,314.0,84,84
692.0,314.0,84,84
694.0,314.0,84,84
696.0,314.0,84,84
698.0,314.0,84,84
700.0,313.0,84,84
702.0,313.0,84,84
705.0,313.0,84,84
707.0,314.0,84,84
710.0,314.0,84,84
713.0,315.0,84,84
716.0,316.0,84,84
719.0,317.0,84,84
721.0,317.0,84,84
724.0,316.0,84,84
726.0,316.0,84,84
729.0,316.0,84,84
731.0,317.0,84,84
734.0,317.0,84,84
736.0,317.0,84,84
738.0,318.0,84,84
740.0,318.0,84,84
740.0,318.0,84,84
739.0,318.0,84,84
739.0,318.0,84,84
739.0,317.0,84,84
739.0,316.0,84,84
739.0,315.0,84,84
738.0,314.0,84,84
737.0,313.0,84,84
736.0,312.0,84,84
736.0,313.0,84,84
737.0,313.0,84,84
737.0,314.0,84,84
737.0,312.0,84,84
738.0,311.0,84,84
738.0,309.0,84,84
736.0,309.0,84,84
735.0,309.0,84,84
733.0,309.0,84,84
733.0,308.0,84,84
734.0,308.0,84,84
734.0,307.0,84,84
732.0,307.0,84,84
730.0,306.0,84,84
728.0,306.0,84,84
729.0,306.0,84,84
729.0,305.0,84,84
730.0,305.0,84,84
730.0,305.0,84,84
729.0,304.0,84,84
729.0,304.0,84,84
727.0,304.0,84,84
726.0,303.0,84,84
724.0,303.0,84,84
726.0,304.0,84,84
727.0,304.0,84,84
729.0,305.0,84,84
728.0,304.0,84,84
728.0,302.0,84,84
727.0,301.0,84,84
726.0,301.0,84,84
724.0,301.0,84,84
723.0,301.0,84,84
723.0,302.0,84,84
722.0,303.0,84,84
722.0,304.0,84,84
722.0,303.0,84,84
722.0,302.0,84,84
722.0,301.0,84,84
722.0,300.0,84,84
721.0,300.0,84,84
721.0,299.0,84,84
720.0,299.0,84,84
718.0,299.0,84,84
717.0,299.0,84,84
716.0,300.0,84,84
714.0,300.0,84,84
713.0,301.0,84,84
714.0,299.0,84,84
716.0,298.0,84,84
717.0,296.0,84,84
717.0,296.0,84,84
716.0,296.0,84,84
716.0,296.0,84,84
715.0,296.0,84,84
714.0,297.0,84,84
713.0,297.0,84,84
715.0,296.0,84,84
717.0,295.0,84,84
719.0,294.0,84,84
719.0,294.0,84,84
718.0,295.0,84,84
718.0,295.0,84,84
717.0,295.0,84,84
717.0,295.0,84,84
716.0,295.0,84,84
716.0,295.0,84,84
717.0,295.0,84,84
717.0,295.0,84,84
715.0,295.0,84,84
713.0,294.0,84,84
711.0,294.0,84,84
710.0,295.0,84,84
710.0,295.0,84,84
709.0,296.0,84,84
709.0,296.0,84,84
708.0,296.0,84,84
708.0,296.0,84,84
707.0,296.0,84,84
707.0,296.0,84,84
706.0,296.0,84,84
705.0,296.0,84,84
705.0,297.0,84,84
704.0,297.0,84,84
703.0,297.0,84,84
701.0,297.0,84,84
700.0,297.0,84,84
701.0,298.0,84,84
701.0,300.0,84,84
702.0,301.0,84,84
701.0,301.0,84,84
701.0,301.0,84,84
700.0,301.0,84,84
700.0,301.0,84,84
699.0,302.0,84,84
699.0,302.0,84,84
700.0,302.0,84,84
700.0,301.0,84,84
701.0,301.0,84,84
700.0,302.0,84,84
700.0,302.0,84,84
699.0,303.0,84,84
700.0,303.0,84,84
700.0,304.0,84,84
701.0,304.0,84,84
702.0,305.0,84,84
702.0,305.0,84,84
703.0,306.0,84,84
703.0,307.0,84,84
703.0,308.0,84,84
703.0,309.0,84,84
705.0,309.0,84,84
706.0,309.0,84,84
708.0,309.0,84,84
708.0,310.0,84,84
709.0,310.0,84,84
709.0,311.0,84,84
711.0,312.0,84,84
712.0,314.0,84,84
714.0,315.0,84,84
715.0,316.0,84,84
715.0,316.0,84,84
716.0,317.0,84,84
716.0,318.0,84,84
717.0,318.0,84,84
717.0,319.0,84,84
716.0,318.0,84,84
715.0,318.0,84,84
714.0,317.0,84,84
715.0,317.0,84,84
717.0,316.0,84,84
718.0,316.0,84,84
717.0,316.0,84,84
715.0,317.0,84,84
714.0,317.0,84,84
715.0,318.0,84,84
717.0,318.0,84,84
718.0,319.0,84,84
718.0,319.0,84,84
717.0,319.0,84,84
717.0,319.0,84,84
717.0,319.0,84,84
717.0,319.0,84,84
717.0,319.0,84,84
717.0,319.0,84,84
717.0,319.0,84,84
717.0,319.0,84,84
717.0,319.0,84,84
717.0,318.0,84,84
717.0,318.0,84,84
717.0,318.0,84,84
716.0,318.0,84,84
716.0,318.0,84,84
718.0,317.0,84,84
719.0,317.0,84,84
721.0,316.0,84,84
722.0,316.0,84,84
722.0,315.0,84,84
723.0,315.0,84,84
722.0,316.0,84,84
721.0,316.0,84,84
720.0,317.0,84,84
721.0,317.0,84,84
722.0,318.0,84,84
723.0,318.0,84,84
724.0,318.0,84,84
725.0,317.0,84,84
726.0,317.0,84,84
726.0,317.0,84,84
727.0,318.0,84,84
727.0,318.0,84,84
727.0,318.0,84,84
728.0,318.0,84,84
728.0,318.0,84,84
728.0,318.0,84,84
729.0,318.0,84,84
729.0,318.0,84,84
729.0,318.0,84,84
730.0,319.0,84,84
730.0,319.0,84,84
731.0,320.0,84,84
733.0,322.0,84,84
734.0,323.0,84,84
735.0,321.0,84,84
737.0,318.0,84,84
738.0,316.0,84,84
738.0,317.0,84,84
738.0,317.0,84,84
738.0,318.0,84,84
739.0,318.0,84,84
739.0,317.0,84,84
740.0,317.0,84,84
741.0,317.0,84,84
742.0,317.0,84,84
743.0,317.0,84,84
742.0,317.0,84,84
742.0,318.0,84,84
741.0,318.0,84,84
741.0,319.0,84,84
740.0,320.0,84,84
740.0,321.0,84,84
742.0,321.0,84,84
744.0,322.0,84,84
746.0,322.0,84,84
747.0,320.0,84,84
747.0,319.0,84,84
748.0,317.0,84,84
748.0,317.0,84,84
747.0,318.0,84,84
747.0,318.0,84,84
748.0,318.0,84,84
748.0,319.0,84,84
749.0,319.0,84,84
747.0,319.0,84,84
745.0,318.0,84,84
743.0,318.0,84,84
